282712 2
282712 3
282712 4
282712 5
282712 6
282712 7
282712 8
282712 9
281638 1
281638 2
281638 3
276941 1
276941 2
276941 3
276941 4
276941 5
276941 6
276941 7
276941 8
276941 9
276941 10
276941 11
276941 12
276941 13
276941 14
276941 15
276941 16
276941 17
276941 18
276942 1
276942 2
276942 3
276942 4
276942 5
276942 6
276942 7
276942 8
276942 9
276942 10
276942 11
276942 12
276942 13
276942 14
276944 1
276944 2
276944 3
276944 4
276944 5
276944 6
276944 7
276944 8
276944 9
276944 10
276944 11
276944 12
276944 13
276944 14
276944 15
276945 1
276945 2
276945 3
276945 4
276945 5
274967 1
274967 2
274967 3
274967 4
274967 5
274967 6
274967 7
274967 8
274967 9
274967 10
274967 11
274967 12
274967 13
274967 14
274967 15
274967 16
274967 17
274967 18
274967 19
274967 20
274967 21
274967 22
274967 23
274967 24
274967 25
274967 26
274967 27
274967 28
274967 29
274967 30
274967 31
274967 32
274967 33
274967 34
274967 35
274967 36
274967 37
274967 38
274967 39
277071 83
277071 84
277071 85
277071 86
277071 87
277071 88
277071 89
277076 1044
277076 1045
277076 1046
277076 1047
277076 1048
277087 194
277087 195
277087 196
277087 197
277087 198
277087 199
277087 200
277087 201
277087 202
277087 203
277194 140
277194 141
277194 142
277194 143
277202 1
277202 2
277202 3
277202 4
277202 5
277202 6
277202 7
277202 8
277202 9
277202 10
277202 11
277202 12
277202 13
277202 14
277202 15
277202 16
277202 17
277202 18
277202 19
277202 20
277202 21
277202 22
277202 23
277202 24
277202 25
277202 26
277202 27
277202 28
277202 29
277202 30
277202 31
277202 32
277202 33
277202 34
277202 35
277202 36
277202 37
277202 38
277202 39
277202 40
277202 41
277202 42
277202 43
277202 44
277202 45
277202 46
277202 47
277202 48
277202 49
277202 50
277202 51
277202 52
277202 53
277202 54
277202 55
277202 56
277202 57
277202 58
277202 59
277202 60
277202 61
277202 62
277202 63
277202 64
277202 65
277202 66
277202 67
277202 68
277202 69
277202 70
277202 71
277202 72
277202 73
277202 74
277202 75
277202 76
277202 77
277202 78
277202 79
277202 80
277202 81
277202 82
277202 83
277202 84
277202 85
277202 86
277202 87
277202 88
277202 89
277202 96
277202 97
277202 98
277202 99
277202 100
277202 101
277202 102
277202 103
277202 104
277202 105
277202 106
277202 107
277202 108
277202 109
277202 110
277202 111
277202 112
277202 113
277202 114
277202 115
277202 116
277202 117
277202 118
277202 119
277202 120
277202 121
277202 122
277202 123
277202 124
277202 125
277202 126
277202 127
277202 128
277202 129
277202 130
277202 131
277202 132
277202 133
277202 134
277202 135
277202 136
277202 137
277202 138
277202 139
277202 140
277202 141
277202 142
277202 143
277202 144
277202 145
277202 146
277202 147
277202 148
277202 149
277202 150
277202 151
277202 152
277202 153
277202 154
277202 155
277202 156
277202 157
277202 158
277202 159
277202 160
277202 161
277202 162
277202 163
277202 164
277202 165
277202 166
277202 167
277202 168
277202 169
277202 170
277202 171
277202 172
277202 173
277202 174
277202 175
277202 176
277202 177
277202 178
277202 179
277202 180
277202 181
277202 182
277202 183
277202 184
277202 185
277202 186
277202 187
277202 188
277202 189
277202 190
277202 191
277202 192
277202 193
277202 194
277202 195
277202 196
277202 197
277202 198
277202 199
277202 200
277202 201
277202 202
277202 203
277202 204
277202 205
277202 206
277202 207
277202 208
277202 209
277202 210
277202 211
277202 212
277202 213
277202 214
277202 215
277202 216
277202 217
277202 218
277202 219
277202 220
277202 221
277202 222
277202 223
277202 224
277202 225
277202 226
277202 227
277202 228
277202 229
277202 230
277202 231
277202 232
277202 233
277202 234
277202 235
277202 236
277202 237
277202 238
277202 239
277202 240
277202 241
277202 242
277202 243
277202 244
277202 245
277202 246
277202 247
277202 248
277202 249
277202 250
277202 251
277202 252
277202 253
277202 254
277202 255
277202 256
277202 257
277202 258
277202 259
277202 260
277202 261
277202 262
277202 263
277202 264
277202 265
277202 266
277202 267
277202 268
277202 269
277202 270
277202 271
277202 272
277202 273
277202 274
277202 275
277202 276
277202 277
277202 278
277202 279
277202 280
277202 281
277202 282
277202 283
277202 284
277202 285
277202 286
277202 287
277202 288
277202 289
277202 290
277202 291
277202 292
277202 293
277202 294
277202 295
277202 296
277202 297
277202 298
277202 299
277202 300
277202 301
277202 302
277202 303
277202 304
277202 305
277202 306
277202 307
277202 308
277202 309
277202 310
277202 311
277202 312
277202 313
277202 314
277202 315
277202 316
277202 317
277202 318
277202 319
277202 320
277202 321
277202 322
277202 323
277202 324
277202 325
277202 326
277202 327
277202 328
277202 329
277202 330
277202 331
277202 332
277202 333
277202 334
277202 335
277202 336
277202 337
277202 338
277202 339
277202 340
277202 341
277202 342
277202 343
277202 344
277202 345
277202 346
277202 347
277202 348
277202 349
277202 350
277202 351
277202 352
277202 353
277202 354
277202 355
277202 356
277202 357
277202 358
277202 359
277202 360
277202 361
277202 362
277202 363
277202 364
277202 365
277202 366
277202 367
277202 368
277202 369
277202 370
277202 371
277202 372
277202 373
277202 374
277202 375
277202 376
277202 377
277202 378
277202 379
277202 380
277202 381
277202 382
277202 383
277202 384
277202 385
277202 386
277202 387
277202 388
277202 389
277202 390
277202 391
277202 392
277202 393
277202 394
277202 395
277202 396
277202 397
277202 398
277202 399
277202 400
277202 401
277202 402
277202 403
277202 404
277202 405
277202 406
277202 407
277202 408
277202 409
277202 410
277202 411
277202 412
277202 413
277202 414
277202 415
277202 416
277202 417
277202 418
277202 419
277202 420
277202 421
277202 422
277202 423
277202 424
277202 425
277202 426
277202 427
277202 428
277202 429
277202 430
277202 431
277202 432
277202 433
277202 434
277202 435
277202 436
277202 437
277202 438
277202 439
277202 440
277202 441
277202 442
277202 443
277202 444
277202 445
277202 446
277202 447
277202 448
277202 449
277202 450
277202 451
277202 452
277202 453
277202 454
277202 455
277202 456
277202 457
277202 458
277202 459
277202 460
277202 461
277202 462
277202 463
277202 464
277202 465
277202 466
277202 467
277202 468
277202 475
277202 476
277202 477
277202 478
277202 479
277202 480
277202 481
277202 482
277202 483
277202 484
277202 485
277202 486
277202 487
277202 488
277202 489
277202 494
277202 495
277202 496
277202 497
277202 498
277202 499
277202 500
277202 501
277202 502
277202 503
277202 504
277202 505
277202 506
277202 507
277202 508
277202 509
277202 510
277202 511
277202 512
277202 513
277202 514
277202 515
277202 516
277202 517
277202 518
277202 519
277202 520
277202 521
277202 522
277202 523
277202 524
277202 525
277202 526
277202 527
277202 528
277218 1
277218 2
277218 3
277218 4
277218 5
277218 6
277218 7
277218 8
277218 9
277218 10
277218 11
277218 12
277218 13
277218 14
277218 15
277218 16
277218 17
277218 18
277218 19
277218 20
277218 21
277218 22
277218 23
277218 24
277218 25
277218 26
277218 27
277218 28
277218 29
277218 30
277218 31
277218 32
277218 33
277218 34
277218 35
277218 36
277218 37
277218 38
277218 39
277218 40
277218 41
277218 42
277218 43
277218 44
277218 45
277218 46
277218 47
277218 48
277218 49
277218 50
277218 51
277218 52
277218 53
277218 54
277218 55
277218 56
277218 57
277218 58
277218 59
277218 60
277218 61
277218 62
277218 63
277218 64
277218 65
277218 66
277218 67
277218 68
277218 69
277218 70
277218 71
277218 72
277218 73
277218 74
277218 75
277218 76
277218 77
277218 78
277218 79
277218 80
277218 81
277218 82
277218 83
277218 84
277218 85
277218 86
277218 87
277218 88
277218 89
277218 90
277218 91
277218 92
277218 93
277218 94
277218 95
277218 96
277218 97
277218 98
277218 99
277218 100
277218 101
277218 102
277218 103
277218 104
277218 105
277218 106
277218 107
277218 108
277218 109
277218 110
277218 111
277218 112
277218 113
277218 114
277218 115
277218 116
277218 117
277218 118
277218 119
277218 120
277218 121
277218 122
277218 123
277218 124
277218 125
277218 126
277218 127
277218 128
277218 130
277219 1
277219 2
277219 3
277219 4
277219 5
277219 6
277220 1
277220 2
277220 3
277220 4
277220 5
277220 6
277220 7
277220 8
277220 9
277220 10
277220 11
277220 12
277220 13
277220 14
277220 15
277220 16
277220 17
277220 18
277220 19
277220 20
277220 21
277220 22
277220 23
277220 24
277220 25
277220 26
277220 27
277220 28
277220 29
277220 30
277220 31
277220 32
277220 33
277220 34
277220 35
277220 36
277220 37
277220 38
277220 39
277220 40
277220 41
277220 42
277220 43
277220 44
277220 45
277220 46
277220 47
277220 48
277220 49
277220 50
277220 51
277220 52
277220 53
277220 54
277220 55
277220 56
277220 57
277220 58
277220 59
277220 60
277220 61
277220 62
277220 63
277220 64
277220 65
277220 66
277220 67
277220 68
277220 69
277220 70
277220 71
277220 72
277220 73
277220 74
277220 75
277220 76
277220 77
277220 78
277220 79
277220 80
277220 81
277220 82
277220 83
277220 84
277220 85
277220 86
277220 87
277220 88
277220 89
277220 90
277220 91
277220 92
277220 93
277220 94
277220 95
277220 96
277220 97
277220 98
277220 99
277220 100
277220 101
277220 102
277220 103
277220 104
277220 105
277220 106
277220 107
277220 108
277220 109
277220 110
277220 111
277220 112
277220 113
277220 114
277220 115
277220 116
277220 117
277220 118
277220 119
277220 120
277220 121
277220 122
277220 123
277220 124
277220 125
277220 126
277220 127
277220 128
277220 129
277220 130
277220 131
277220 132
277220 133
277220 134
277220 135
277220 136
277220 137
277220 138
277220 139
277220 140
277220 141
277220 142
277220 143
277220 144
277220 145
277220 146
277220 147
277220 148
277220 149
277220 150
277220 151
277220 152
277220 153
277220 154
277220 155
277220 156
277220 157
277220 158
277220 159
277220 160
277220 161
277220 162
277220 163
277220 164
277220 165
277220 166
277220 167
277220 168
277220 169
277220 170
277220 171
277220 172
277220 173
277220 174
277220 175
277220 176
277220 177
277220 178
277220 179
277220 180
277220 181
277220 182
277220 183
277220 184
277220 185
277220 186
277220 187
277220 188
277220 189
277220 190
277220 191
277220 192
277220 193
277220 194
277220 195
277220 196
277220 197
277220 198
277220 199
277220 200
277220 201
277220 202
277220 203
277220 204
277220 205
277220 206
277220 207
277220 208
277220 209
277220 210
277220 211
277220 212
277220 213
277220 214
277220 215
277220 216
277220 217
277220 218
277220 219
277220 220
277220 221
277220 222
277220 223
277220 224
277220 225
277220 226
277220 227
277220 228
277220 229
277220 230
277220 231
277220 232
277220 233
277220 234
277220 235
277220 236
277220 237
277220 238
277220 239
277220 240
277220 241
277220 242
277220 243
277220 244
277220 245
277220 246
277220 247
277220 248
277220 249
277220 250
277220 251
277220 252
277220 253
277220 254
277220 255
277220 256
277220 257
277220 258
277220 259
277220 260
277220 261
277220 262
277220 263
277220 264
277220 265
277220 266
277220 267
277220 268
277220 269
277220 270
277220 271
277220 272
277220 273
277220 274
277220 275
277220 276
277220 277
277220 278
277220 279
277220 280
277220 281
277220 282
277220 283
277220 284
277220 285
283408 2133
283408 2134
283408 2135
283408 2136
283408 2137
283408 2200
283408 2201
283408 2202
275293 143
273291 1
273291 2
273291 3
273291 4
273291 5
273291 6
273291 7
273291 8
273291 9
273291 10
273291 11
273291 12
273291 13
273291 14
273291 15
273291 16
273291 17
273291 18
273291 19
273291 20
273291 21
273291 22
273291 23
273291 24
273291 25
273291 26
273291 27
273291 28
273291 29
273291 30
273291 31
273291 32
273291 33
273291 34
273291 35
273291 36
273291 37
273291 38
273291 39
273291 40
273291 41
273291 42
273291 43
273291 44
273291 45
273291 46
273291 47
273291 48
273291 49
273291 50
273291 51
273291 52
273291 53
273291 54
273291 55
273291 56
273291 57
273291 58
273291 59
273291 60
273291 61
273291 62
273291 63
273291 64
273291 65
273291 66
273291 67
273291 68
273291 69
273291 70
273291 71
273291 72
273291 73
273291 74
273291 75
273291 76
273291 77
273299 1
273299 2
273299 3
273299 4
273299 5
273299 6
273299 7
273299 8
273299 9
273299 10
273299 11
273299 12
273299 13
273299 14
273299 15
273299 16
273299 17
273299 18
273299 19
273299 20
273299 21
273299 22
273299 23
273299 24
273299 25
273299 26
273299 27
273299 28
273299 29
273299 30
273299 31
273299 32
273299 33
273299 34
273299 35
273299 36
273299 37
273299 38
273299 39
273299 40
273299 41
273299 42
273299 43
273301 1
273301 2
273301 3
273301 4
273301 5
273301 6
273301 7
273301 8
273301 9
273301 10
273301 11
273301 12
273301 13
273301 14
273301 15
273301 16
273301 17
273301 18
273301 19
273301 20
273301 21
273301 22
273301 23
273301 24
273301 25
273301 26
273301 27
273301 28
273301 29
273301 30
273301 31
273301 32
273301 33
273301 34
273301 35
273301 36
273301 37
273301 38
273301 39
273301 40
273301 41
273301 42
273301 43
273301 44
273301 45
273301 46
273301 47
273301 48
273301 49
273301 50
273301 51
273301 52
273301 53
273301 54
273301 55
273301 56
273301 57
273301 58
273301 59
273301 60
273301 61
273301 62
273301 63
273301 64
273301 65
273301 66
273301 67
273301 68
273301 69
273301 70
273301 71
273301 72
273301 73
273301 74
273301 75
273301 76
273301 77
273301 78
273301 79
273301 80
273301 81
273301 82
273301 83
273301 84
273301 85
273301 86
273301 87
273301 88
273301 89
273301 90
273301 91
273301 92
273301 93
273301 94
273301 95
273301 96
273301 97
273301 98
273301 99
273301 100
273301 101
273301 102
273301 103
273301 104
273301 105
273301 106
273301 107
273301 108
273301 109
273301 110
273301 111
273301 112
273301 113
273301 114
273301 115
273301 116
273301 117
273301 118
273301 119
273301 120
273301 121
273301 122
273301 123
273301 124
273301 125
273301 126
273301 127
273301 128
273301 129
273301 130
273301 131
273301 132
273301 133
273301 134
273301 135
273301 136
273301 137
273301 138
273301 139
273301 140
273301 141
273301 142
273301 143
273301 144
273301 145
273301 146
273301 147
273301 148
273301 149
273301 150
273301 151
273301 152
273301 153
273301 154
273301 155
273301 156
273301 157
273301 158
273301 159
273301 160
273301 161
273301 162
273301 163
273301 164
273301 165
273301 166
273301 167
273301 168
273301 169
273301 170
273301 171
273301 172
273301 173
273301 174
273301 175
273301 176
273301 177
273301 178
273301 179
273301 180
273301 181
273301 182
273301 183
273301 184
273301 185
273301 186
273301 187
273301 188
273301 189
273301 190
273301 191
273301 192
273301 193
273301 194
273301 195
273301 196
273301 197
273301 198
273301 199
273301 200
273301 201
273301 202
273301 203
273301 204
273301 205
273301 206
273301 207
273301 208
273301 209
273301 210
273301 211
273301 212
273301 213
273301 214
273301 215
273301 216
273301 217
273301 218
273301 219
273301 220
273301 221
273301 222
273301 223
273301 224
273301 225
273301 226
273301 227
273301 228
273301 229
273301 230
273301 231
273301 232
273301 233
273301 234
273301 235
273301 236
273301 237
273301 238
273301 239
273301 240
273301 241
273301 242
273301 243
273301 244
273301 245
273301 246
273301 247
273301 248
273301 249
273301 250
273301 251
273301 252
273301 253
273301 254
273301 255
273301 256
273301 257
273301 258
273301 259
273301 260
273301 261
273301 262
273301 263
273301 264
273301 265
273301 266
273301 267
273301 268
273301 269
273301 270
273301 271
273301 272
273301 273
273301 274
273301 275
273301 276
273301 277
273301 278
273301 279
273301 280
273301 281
273301 282
273301 283
273301 284
273301 285
273301 286
273301 287
273301 288
273301 289
273301 290
273301 291
273301 292
273301 293
273301 294
273301 295
273301 296
273301 297
273301 298
273301 299
273301 300
273301 301
273301 302
273301 303
273301 304
273301 305
273301 306
273301 307
273301 308
273301 309
273301 310
273301 311
273301 312
273301 313
273301 314
273301 315
273301 316
273301 317
273301 318
273301 319
273301 320
273301 321
273301 322
273301 323
273301 324
273301 325
273301 326
273301 327
273301 328
273301 329
273301 330
273301 331
273301 332
273301 333
273301 334
273301 335
273301 336
273301 337
273301 338
273301 339
273301 340
273301 341
273301 342
273301 343
273301 344
273301 345
273301 346
273301 347
273301 348
273301 349
273301 350
273301 351
273301 352
273301 353
273301 354
273301 355
273301 356
273301 357
273301 358
273301 359
273301 360
273301 361
273301 362
273301 363
273301 364
273301 365
273301 366
273301 367
273301 368
273301 369
273301 370
273301 371
273301 372
273301 373
273301 374
273301 375
273301 376
273301 377
273301 378
273301 379
273301 380
273301 381
273301 382
273301 383
273301 384
273301 385
273301 386
273301 387
273301 388
273301 389
273301 390
273301 391
273301 392
273301 393
273301 394
273301 395
273301 396
273301 397
273301 398
273301 399
273301 400
273301 401
273301 402
273301 403
273301 404
273301 405
273301 406
273301 407
273301 408
273301 409
273301 410
273301 411
273301 412
273301 413
273301 414
273301 415
273301 416
273301 417
273301 418
273301 419
273301 420
273301 421
273301 422
273301 423
273301 424
273301 425
273301 426
273301 427
273301 428
273301 429
273301 430
273301 431
273301 432
273301 433
273301 434
273301 435
273301 436
273301 437
273301 438
273301 439
273301 440
273301 441
273301 442
273301 443
273301 444
273301 445
273301 446
273301 447
273301 448
273301 449
273301 450
273301 451
273301 452
273301 453
273301 454
273301 455
273301 456
273301 457
273301 458
273301 459
273301 460
273301 461
273301 462
273301 463
273301 464
273301 465
273301 466
273301 467
273301 468
273301 469
273301 470
273301 471
273301 472
273301 473
273301 474
273301 475
273301 476
273301 477
273301 478
273301 479
273301 480
273301 481
273301 482
273301 483
273301 484
273301 485
273301 486
273301 487
273301 488
273301 489
273301 490
273301 491
273301 492
273301 493
273301 494
273301 495
273301 496
273301 497
273301 498
273301 499
273301 500
273301 501
273301 502
273301 503
273301 504
273301 505
273301 506
273301 507
273301 508
273301 509
273301 510
273301 511
273301 512
273301 513
273301 514
273301 515
273301 516
273301 517
273301 518
273301 519
273301 520
273301 521
273301 522
273301 523
273301 524
273301 525
273301 526
273301 527
273301 528
273301 529
273301 530
273301 531
273301 532
273301 533
273301 534
273301 535
273301 536
273301 537
273301 538
273301 539
273301 540
273301 541
273301 542
273301 543
273301 544
273301 545
273301 546
273301 547
273301 548
273301 549
273301 550
273301 551
273301 552
273301 553
273301 554
273301 555
273301 556
273301 557
273301 558
273301 559
273301 560
273301 561
273301 562
273301 563
273301 564
273301 565
273301 566
273301 567
273301 568
273301 569
273301 570
273301 571
273301 572
273301 573
273301 574
273301 575
273301 576
273301 577
273301 578
273301 579
273301 580
273301 581
273301 582
273301 583
273301 584
273301 585
273301 586
273301 587
273301 588
273301 589
273301 590
273301 591
273301 592
273301 593
273301 594
273301 595
273301 596
273301 597
273301 598
273301 599
273301 600
273301 601
273301 602
279653 73
279653 74
279653 75
279653 76
279653 78
279653 79
279653 80
279653 81
279841 399
279841 400
279841 401
279841 402
279841 403
279841 404
279841 405
279841 406
275918 362
278018 628
278018 629
278018 630
278018 631
278018 632
278018 633
278018 634
278018 635
278018 636
278018 637
278018 638
278018 639
278018 640
278018 641
278018 1012
278018 1013
278018 1014
278018 1015
278018 1016
278018 1017
278018 1018
278018 1019
280242 412
280242 413
280251 166
276361 162
276361 163
276361 164
276361 165
276361 166
276361 167
276361 168
