147114 241
147114 243
147114 242
147114 245
147114 244
147114 246
147755 56
147755 59
147755 52
147755 50
147755 60
147755 49
147755 55
147755 51
148031 418
148031 417
148031 758
147755 29
147755 25
147755 28
147755 31
147755 32
147755 30
147755 26
147755 27
147754 522
147754 517
147754 518
147754 520
147754 519
147754 521
147754 513
147754 516
148862 259
148862 261
148862 260
149182 79
149182 80
149182 76
149182 75
149182 81
149182 74
149182 78
149182 77
147754 442
147754 439
147754 443
147754 444
147754 438
147754 440
147754 437
147754 441
148031 358
148031 440
148031 445
148031 437
148031 448
148031 353
148031 443
148031 442
148031 357
148031 436
148031 352
148031 447
148031 356
148031 435
148031 441
148031 439
148031 450
148031 355
148031 446
148031 351
148031 444
148031 438
148031 354
148031 449
148864 150
148864 149
148864 143
148864 142
148864 144
147754 547
147754 544
147754 542
147754 548
147754 545
147754 543
147754 549
147754 546
148864 685
148864 187
148864 192
148864 186
148864 185
148864 191
148864 190
148864 189
148864 188
148031 412
148031 411
148031 415
148031 410
148031 414
148031 409
148031 413
148031 416
148864 477
148031 400
148031 399
148031 396
148031 397
148031 398
148031 395
148031 393
148031 394
147755 15
147755 16
147755 11
147755 14
147755 10
147755 13
147755 9
147755 12
148862 509
148862 508
148862 511
148862 510
148031 466
148031 460
148031 465
148031 459
148031 458
148031 464
148031 468
148031 467
148031 375
148031 374
148031 381
148031 376
148031 380
147754 413
147754 405
147754 414
147754 411
147754 406
147754 408
147754 407
147754 412
149181 1841
149181 1843
149181 1842
147754 433
147754 434
147754 431
147754 430
147754 435
147754 436
147754 432
147754 429
148031 386
148031 392
148031 382
148031 389
148031 387
148031 390
148031 388
148031 391
148864 175
148864 177
148864 178
148864 176
148031 462
148031 463
148864 182
148864 181
148864 180
148864 174
148864 179
148864 184
148864 173
148864 183
148864 148
148864 145
148864 146
148864 147
147754 400
147754 398
147754 401
147754 399
147754 402
147754 403
147754 397
147754 404
147755 48
147754 561
147755 34
147754 559
147754 565
147755 46
147754 562
147755 33
147755 45
147754 563
147755 39
147755 40
147754 560
147754 558
147754 564
147755 47
147754 576
147754 580
147754 589
147754 588
147754 577
147754 581
147754 584
147754 585
147754 590
147754 591
148862 507
148862 506
147754 499
147754 504
147755 54
147754 512
147754 503
147754 505
147754 500
147754 501
147755 53
147755 57
147755 58
147754 502
147754 389
147754 394
147754 395
147754 390
147754 392
147754 391
147754 396
147754 393
148864 687
148864 686
148864 688
148031 453
148031 456
148031 452
148031 451
148031 455
148031 454
148031 457
148031 461
147754 550
147754 556
147754 557
147754 555
147754 551
147754 553
147754 552
147754 554
148031 420
148031 419
148031 426
148031 423
148031 422
148031 425
148031 424
148031 421
147754 478
147755 69
147755 65
147754 475
147754 481
147754 479
147755 68
147755 63
147755 64
147754 476
147754 482
147754 477
147755 70
147754 480
148864 160
148864 154
148864 153
148864 152
148864 159
148864 158
148864 157
148864 151
147755 17
147755 23
147755 24
147755 18
147755 21
147755 22
147755 19
147755 20
147755 7
147755 43
147755 8
147755 3
147755 6
147755 42
147755 37
147755 2
147755 36
147755 5
147755 41
147755 1
147755 44
147755 4
147755 35
147755 38
147754 470
147754 472
147754 471
147754 485
147754 488
147754 484
147754 467
147754 473
147754 468
147754 483
147754 487
147754 474
147754 489
147754 490
147754 486
147754 469
148031 348
148031 349
148864 199
148864 204
148864 198
148864 203
148864 197
148864 202
148864 201
148864 200
147754 511
147754 427
147754 422
147754 419
147754 424
147754 574
147754 423
147754 428
147754 416
147754 425
147754 575
147754 415
147754 420
147754 568
147754 417
147754 572
147754 421
147754 510
147754 426
147754 569
147754 573
147754 418
148864 214
148864 219
148864 213
148864 218
148864 217
148864 216
148864 215
148864 220
148031 368
148031 373
148031 370
148031 377
148031 371
148031 367
148031 372
148031 369
148864 155
148864 172
148864 171
148864 170
148864 169
148864 156
147754 541
147754 531
147754 532
147754 538
147754 533
147754 539
147754 540
148031 385
148031 384
148031 383
149182 83
149182 82
148864 223
148031 404
148031 403
148031 407
148031 402
148031 406
148031 401
148031 408
148031 405
148864 207
148864 212
148864 206
148864 211
148864 205
148864 210
148864 209
148864 208
149182 73
149182 66
149182 69
149182 70
149182 68
149182 71
149182 67
149182 72
148864 32
147755 74
147755 73
147755 71
147755 62
147755 72
147755 67
147755 66
147755 61
149291 81
149291 80
148864 161
148864 167
148864 166
148864 165
148864 164
148864 163
148864 168
148864 162
148862 505
147754 383
147754 378
147754 409
147754 384
147754 410
147754 386
147754 385
148031 427
148031 431
148031 433
148031 430
148031 432
148031 429
148031 434
148031 428
147755 77
147755 76
147755 78
147755 79
147755 80
147755 75
148031 361
148031 365
148031 360
148031 364
148031 363
148031 362
148031 359
148031 366
147754 460
147754 466
147754 461
147754 464
147754 462
147754 459
147754 465
147754 463
147929 267
147929 269
147929 268
147929 271
147929 270
147754 493
147754 496
147754 494
147754 491
147754 497
147754 495
147754 492
147754 498
147754 528
147754 526
147754 523
147754 527
147754 524
147754 529
147754 525
147754 530
147390 479
148864 193
148864 195
148864 194
148864 196
148031 345
148031 344
148031 379
148031 347
148031 378
148031 346
147754 583
147754 570
147754 571
147754 567
147754 578
147754 566
147754 582
147754 579
147754 587
148031 350
148031 343
148031 342
147754 586
147754 381
147754 387
147754 380
147754 388
147754 382
147754 379
147754 537
147754 508
147754 509
147754 506
147754 534
147754 536
147754 507
147754 535
148864 222
148864 221
148031 471
148031 470
148031 469
147754 452
147754 448
147754 446
147754 449
147754 450
147754 447
147754 445
147754 451
147754 456
147754 455
147754 457
147754 514
147754 515
147754 453
147754 458
147754 454
149182 64
149182 65
149182 63
148864 237
