147451 356
147755 56
147451 361
147451 359
147755 59
147451 360
147755 52
147451 355
147755 50
147755 60
147755 49
147755 55
147451 362
147755 51
148031 418
148031 417
147452 81
147452 79
147452 82
147452 76
147452 83
147452 77
147452 80
147452 78
147206 210
147206 203
147206 204
147206 211
147206 208
147206 205
147206 209
147206 207
147452 45
147452 48
147452 49
149063 107
149063 108
147114 211
147755 29
147451 299
147755 25
147451 317
147755 28
147451 316
147755 31
147451 301
147755 32
147451 315
147755 30
147451 306
147451 300
147755 26
147451 318
147755 27
147754 522
147754 517
147754 518
147754 520
147754 519
147754 521
147754 513
147754 516
147451 404
147451 379
147451 403
147451 388
147451 378
147451 387
147451 377
147451 380
147451 247
147754 442
147451 248
147754 439
147451 231
147754 443
147451 232
147451 230
147754 444
147754 438
147754 440
147754 437
147754 441
147451 229
148031 358
148031 440
148031 445
148031 437
148031 448
148031 353
148031 443
148031 442
148031 357
148031 436
148031 352
148031 447
148031 356
148031 435
148031 441
148031 439
148031 450
148031 355
148031 446
148031 351
148031 444
148031 438
148031 354
148031 449
148953 112
148953 101
148953 102
148953 103
148953 109
148953 110
148953 111
148953 104
148953 113
148953 114
148953 120
148953 115
148953 116
148953 117
148953 118
148953 119
147451 186
147451 181
147451 133
147754 547
147451 180
147451 185
147451 132
147754 544
147451 137
147451 183
147754 542
147754 548
147451 184
147451 179
147451 135
147754 545
147451 136
147451 131
147451 182
147754 543
147754 549
147451 134
147451 130
147754 546
147206 52
147206 49
147206 50
147206 53
147206 56
147206 54
147206 51
147206 55
147452 47
147451 142
147451 147
147451 144
147451 138
147451 140
147451 143
147451 141
147451 139
148031 412
148031 411
148031 415
148031 410
148031 414
148031 409
148031 413
148031 416
148031 400
148031 399
148031 396
148031 397
148031 398
148031 395
148031 393
148031 394
147755 15
147755 16
147755 11
147755 14
147755 10
147755 13
147755 9
147755 12
147451 327
147451 326
147451 323
147451 328
147451 325
147451 322
147451 324
147451 321
148031 466
148031 460
148031 465
148031 459
148031 458
148031 464
148031 468
148031 467
147114 200
147114 197
147114 199
147114 198
147114 193
147114 192
147114 195
147114 194
148031 375
148031 374
148031 381
148031 376
148031 380
147206 167
147206 170
147206 163
147206 160
147206 161
147206 168
147206 169
147206 162
147754 413
147754 405
147754 414
147754 411
147754 406
147754 408
147754 407
147754 412
147452 59
147452 65
147452 61
147452 64
147452 62
147452 58
147452 63
147452 60
147206 222
147206 223
147206 226
147206 225
147206 227
147206 228
147206 224
147206 229
147206 21
147206 24
147206 17
147206 18
147206 22
147206 19
147206 20
147206 23
147754 433
147754 434
147754 431
147754 430
147754 435
147754 436
147754 432
147754 429
147451 320
147451 314
147451 309
147451 339
148031 386
148031 392
148031 382
148031 389
147451 341
147451 313
147451 337
148031 387
147451 311
147451 340
147451 312
148031 390
147451 338
147451 319
147451 310
147451 343
148031 388
148031 391
147451 342
147451 344
147451 277
147451 284
147451 283
147451 281
147451 279
147451 282
147451 280
147451 278
147451 276
147451 270
147451 266
147451 275
147451 269
147451 265
147451 274
147451 273
148031 462
148031 463
147206 123
147206 117
147206 120
147206 121
147206 118
147206 129
147206 119
147206 122
147206 2
147206 5
147206 8
147206 6
147206 3
147206 7
147206 4
147206 1
147451 246
147451 254
147451 253
147451 250
147451 245
147451 251
147451 249
147451 252
147452 69
147452 75
147206 185
147452 67
147206 182
147452 68
147206 183
147206 186
147206 179
147206 180
147452 66
147452 70
147452 74
147206 181
147206 184
147452 71
147114 191
147114 190
147114 189
147451 455
147451 457
147451 462
147451 456
147451 459
147451 461
147451 460
147451 458
147451 225
147451 389
147451 294
147451 390
147451 261
147451 255
147451 224
147451 233
147451 236
147451 234
147451 260
147451 293
147451 393
147451 297
147451 256
147451 396
147451 307
147451 391
147451 257
147451 392
147451 308
147451 226
147451 259
147451 298
147451 262
147451 295
147451 395
147451 394
147451 296
147451 223
147451 258
147451 235
147206 149
147206 145
147206 150
147206 146
147206 151
147206 147
147206 148
147206 144
147754 400
147754 398
147451 489
147754 401
147451 492
147754 399
147451 487
147451 488
147451 486
147754 402
147451 491
147754 403
147451 490
147451 485
147754 397
147754 404
147114 203
147114 209
147114 202
147114 205
147114 204
147114 210
147114 207
147114 206
147755 48
147754 561
147755 34
147754 559
147754 565
147755 46
147754 562
147755 33
147755 45
147754 563
147755 39
147755 40
147754 560
147754 558
147754 564
147755 47
147754 576
147754 580
147754 589
147754 588
147754 577
147754 581
147754 584
147754 585
148953 141
147754 592
148953 124
148953 121
148953 122
147754 590
148953 123
147754 591
147451 410
147451 411
147451 414
147451 413
147451 407
147451 408
147451 409
147451 412
147114 226
147114 212
147451 475
147754 499
147754 504
147755 54
147451 478
147754 512
147754 503
147451 474
147754 505
147754 500
147451 477
147451 473
147754 501
147755 53
147451 476
147451 471
147755 57
147451 472
147755 58
147754 502
147754 389
147754 394
147754 395
147754 390
147754 392
147754 391
147754 396
147754 393
147451 210
147451 213
147451 209
147451 212
147451 215
147451 216
147451 211
147451 214
148031 453
148031 456
148031 452
148031 451
148031 455
148031 454
148031 457
148031 461
147206 90
147450 167
147206 93
147206 96
147206 94
147206 91
147206 97
147206 95
147206 92
147451 148
147451 155
147451 156
147451 150
147451 158
147451 149
147451 157
148953 139
148953 137
148953 138
148953 140
147206 68
147451 417
147451 418
147206 69
147206 72
147451 416
147206 73
147206 70
147451 421
147206 66
147451 422
147451 415
147206 71
147206 67
147451 420
147451 419
148953 107
148953 106
148953 105
148953 108
147206 61
147206 64
147206 57
147206 62
147206 58
147206 63
147206 59
147206 60
147754 550
147754 556
147754 557
147754 555
147754 551
147754 553
147754 552
147452 46
147754 554
147206 173
147206 174
147206 172
147206 102
147206 176
147206 98
147206 177
147206 106
147206 99
147206 178
147206 100
147206 107
147206 175
147206 171
147206 108
147206 101
148031 420
148031 419
148031 426
148031 423
148031 422
148031 425
148031 424
148031 421
147451 189
147451 188
147451 193
147451 187
147451 190
147451 194
147754 478
147755 69
147451 499
147451 493
147755 65
147754 475
147754 481
147754 479
147755 68
147755 63
147451 498
147755 64
147754 476
147754 482
147451 495
147451 497
147754 477
147755 70
147451 500
147451 494
147451 496
147754 480
147755 17
147755 23
147755 24
147755 18
147755 21
147755 22
147755 19
147755 20
147451 358
147451 357
147755 7
147755 43
147755 8
147755 3
147755 6
147755 42
147755 37
147755 2
147755 36
147755 5
147755 41
147755 1
147755 44
147755 4
147755 35
147755 38
147754 470
147206 138
147754 472
147754 471
147754 485
147754 488
147754 484
147754 467
147754 473
147754 468
147754 483
147754 487
147754 474
147754 489
147754 490
147754 486
147754 469
147206 115
147206 116
147206 109
147206 112
147206 113
147206 110
147206 111
147206 114
148031 348
148031 349
147206 65
147114 225
147114 223
147114 224
147206 75
147206 76
147206 77
147206 80
147206 81
147206 78
147206 74
147206 79
147754 511
147754 427
147754 422
147754 419
147754 424
147754 574
147754 423
147754 428
147754 416
147754 425
147754 575
147754 415
147754 420
147754 568
147754 417
147754 572
147754 421
147754 510
147754 426
147754 569
147754 573
147754 418
147452 50
147452 54
147452 51
147452 55
147452 52
147452 56
147452 57
147452 53
147206 127
147206 164
147206 124
147206 165
147206 125
147206 128
147206 166
147206 126
148031 368
148031 373
148031 370
148031 377
148031 371
148031 367
148031 372
148031 369
147206 27
147206 31
147754 541
147754 531
147206 28
147754 532
147206 25
147754 538
147206 29
147206 32
147754 533
147206 26
147206 30
147754 539
147754 540
148031 385
148031 384
148031 383
147451 375
147451 398
147451 376
147451 332
147451 371
147451 237
147451 400
147451 374
147451 385
147451 335
147451 242
147451 397
147451 331
147451 406
147451 334
147451 373
147451 239
147451 402
147451 243
147451 336
147451 330
147451 241
147451 372
147451 244
147451 238
147451 405
147451 399
147451 333
147451 240
147451 401
147451 386
147451 329
148031 404
148031 403
148031 407
148031 402
148031 406
148031 401
148031 408
148031 405
147451 466
147451 469
147451 463
147451 465
147451 468
147451 464
147451 467
147451 470
147206 137
147206 134
147206 130
147206 135
147206 131
147206 132
147206 133
147206 136
147755 74
147755 73
147755 71
147755 62
147755 72
147755 67
147755 66
147755 61
147114 222
147114 217
147114 216
147114 219
147114 218
147114 215
147114 221
147114 220
147206 9
147206 14
147206 10
147206 15
147206 11
147206 12
147206 13
147206 16
147451 481
147451 484
147451 383
147451 381
147451 483
147451 384
147451 382
147451 482
147754 383
147754 378
147754 409
147754 384
147754 410
147754 386
147754 385
148953 132
148953 133
148953 134
148953 135
148953 129
148953 130
148953 136
148953 131
147206 82
147206 87
147206 83
147206 84
147206 85
147206 88
147206 89
147206 86
147451 526
147451 528
147451 513
147451 525
147451 516
147451 515
147451 527
147451 514
148031 427
147451 219
148031 431
148031 433
147451 272
147451 228
147451 222
147451 218
148031 430
148031 432
147451 227
147451 221
147451 217
147451 268
147451 263
148031 429
147451 264
147451 220
148031 434
147451 271
148031 428
147451 267
147755 77
147755 76
147755 78
147755 79
147755 80
147755 75
148031 361
148031 365
148031 360
148031 364
148031 363
148031 362
148031 359
148031 366
147451 292
147451 163
147451 288
147451 164
147451 291
147451 165
147451 170
147451 167
147451 290
147451 289
147451 287
147451 166
147451 168
147451 169
147451 286
147451 285
147754 460
147754 466
147754 461
147754 464
147754 462
147754 459
147754 465
147754 463
147206 215
147206 218
147206 219
147206 220
147206 216
147206 221
147206 217
147206 214
147754 493
147754 496
147754 494
147754 491
147754 497
147754 495
147754 492
147754 498
147754 528
147754 526
147754 523
147754 527
147754 524
147754 529
147754 525
147754 530
147451 353
147451 347
147451 352
147451 346
147451 345
147451 354
147451 348
147451 351
147206 212
147206 213
147206 140
147206 142
147206 141
147206 139
147206 104
147206 103
147206 143
147206 105
148031 345
148031 344
148031 379
148031 347
148031 378
148031 346
147114 214
147114 201
147114 196
147114 208
147114 188
147114 213
147451 532
147754 583
147451 204
147754 570
147451 207
147451 531
147451 529
147754 571
147451 203
147451 530
147451 206
147451 146
147451 208
147451 202
147754 567
147754 578
147754 566
147754 582
147451 205
147451 145
147451 201
147754 579
147206 193
147206 191
147206 194
147206 34
147206 37
147206 40
147206 36
147206 188
147206 35
147206 39
147206 189
147206 192
147206 38
147206 190
147206 33
147206 187
147451 367
147451 365
147754 587
148031 350
147451 366
148031 343
147451 363
147451 370
147451 369
148031 342
147451 364
147754 586
147451 368
147452 85
147452 84
147206 156
147206 157
147206 153
147754 381
147754 387
147206 154
147206 158
147206 155
147754 380
147754 388
147754 382
147206 159
147754 379
147206 152
147451 442
147451 437
147451 431
147451 522
147451 427
147451 350
147451 517
147451 502
147451 480
147451 430
147451 441
147451 432
147451 426
147451 521
147451 349
147451 439
147451 506
147451 501
147451 440
147451 524
147451 429
147451 519
147451 520
147451 425
147451 438
147451 505
147451 428
147451 518
147451 423
147451 523
147451 424
147451 479
147754 537
147754 508
147754 509
147754 506
147754 534
147754 536
147754 507
147754 535
147451 192
147451 448
147451 503
147451 504
147451 453
147451 199
147451 433
147451 454
147451 447
147451 200
147451 511
147451 195
147451 445
147451 436
147451 507
147451 198
147451 451
147451 510
147451 452
147451 450
147451 444
147451 435
147451 449
147451 197
147451 191
147451 512
147451 509
147451 443
147451 434
147451 196
147451 446
147451 508
148953 126
148953 125
148953 127
148953 128
147206 45
147206 47
147206 43
147206 48
147206 44
147206 42
147206 41
147206 46
147451 175
147451 177
147451 171
147451 174
147451 176
147451 173
147451 178
147451 172
147451 153
147452 86
147451 162
147452 72
147452 89
147451 151
147451 152
147451 159
147451 161
147452 87
147452 73
147452 91
147451 160
147451 154
147452 90
147452 88
147206 196
147206 197
147206 200
147206 201
147206 198
147206 199
147206 202
147206 195
148031 471
147206 230
148031 470
148031 469
147754 452
147754 448
147754 446
147754 449
147754 450
147754 447
147754 445
147754 451
147754 456
147754 455
147754 457
147754 514
147754 515
147754 453
147754 458
147754 454
