276501 222
276525 1607
276525 1608
276525 1609
276525 1610
276525 1611
276525 1612
276525 1613
276525 1614
276525 1615
276525 1616
276525 1617
276525 1618
276525 1619
276525 1620
276525 1621
276525 1622
276525 1623
276525 1624
276525 1625
276545 111
276545 112
276545 113
276545 114
276545 115
276545 116
276655 594
276659 128
275833 54
275833 55
275833 116
281638 1
281638 2
281638 3
278805 27
278805 28
278805 29
278808 446
278808 463
282923 18
282923 31
282923 87
282924 1
276837 1
276837 2
276837 3
276837 4
276837 5
276837 6
276837 7
276837 8
276837 9
276837 10
276837 11
276837 12
276837 13
276837 14
276837 15
276837 16
276837 17
276837 18
276837 19
276837 20
276837 21
276837 22
276837 23
276837 24
276837 25
276837 26
276837 27
276837 28
276837 29
276837 30
276837 31
276837 32
276837 33
276837 35
276837 36
276837 37
276837 38
276837 39
276837 40
276837 41
276870 1355
276870 3109
276870 3110
276870 3259
272775 1
272775 2
272775 3
272775 4
272775 5
272775 6
272775 7
272775 8
272775 9
272775 10
272775 11
272775 12
272775 13
272775 14
272775 15
272775 16
272775 17
272775 18
272775 19
272775 20
272775 21
272775 22
272775 23
272775 24
272775 25
272775 26
272775 27
272775 28
272775 29
272775 30
272775 31
272775 32
272775 33
272775 34
272775 35
272775 36
272775 37
272775 38
272775 39
272775 40
272775 41
272775 42
272775 43
272775 44
272775 45
272775 46
272775 47
272775 48
272775 49
272775 50
272775 51
272775 52
272775 53
272775 54
272775 55
272775 56
272775 57
272775 58
272775 59
272775 60
272775 61
272775 62
272775 63
272775 64
272775 65
272775 66
272775 67
272775 68
272775 69
272775 70
272775 71
272775 72
272775 73
272775 74
272775 75
272775 76
272775 77
272775 78
272775 79
272775 80
272775 81
272775 82
272775 83
272775 84
272775 85
272775 86
272775 87
272775 88
272775 89
272775 90
272775 91
272775 92
272775 93
272775 94
272775 95
272775 96
272775 97
272775 98
272775 99
272775 100
272775 101
272775 102
272775 103
272775 104
272775 105
272775 106
272775 107
272775 108
272775 109
272775 110
272775 111
272775 112
272775 113
272775 114
272775 115
272775 116
272775 117
272775 118
272775 119
272775 120
272775 121
272775 122
272775 123
272775 124
272775 125
272775 126
272775 127
272775 128
272775 129
272775 130
272775 131
272775 132
272775 133
272775 134
272775 135
272775 136
272775 137
272775 138
272775 139
272775 140
272775 141
272775 142
272775 143
272775 144
272775 145
272775 146
272775 147
272775 148
272775 149
272775 150
272775 151
272775 152
272775 153
272775 154
272775 155
272775 156
272775 157
272775 158
272775 159
272775 160
272775 161
272775 162
272775 163
272775 164
272775 165
272775 166
272775 167
272775 168
272775 169
272775 170
272775 171
272775 172
272775 173
272775 174
272775 175
272775 176
272775 177
272775 178
272775 179
272775 180
272775 181
272775 182
272776 1
272776 2
272776 3
272776 4
272776 5
272776 6
272776 7
272776 8
272776 9
272776 10
272776 11
272776 12
272776 13
272776 14
272776 15
272776 16
272776 17
272776 18
272776 19
272776 20
272776 21
272776 22
272776 23
272776 24
272776 25
272776 26
272776 27
272776 28
272776 29
272776 30
272776 31
272776 32
272776 33
272776 34
272776 35
272776 36
272776 37
272776 38
272776 39
272776 40
272776 41
272776 42
272776 43
272776 44
272776 45
272776 46
272776 47
272776 48
272776 49
272776 50
272776 51
272776 52
272776 53
272776 54
272776 55
272776 56
272776 57
272776 58
272776 59
272776 60
272776 61
272776 62
272776 63
272776 64
272776 65
272776 66
272776 67
272776 68
272776 69
272776 70
272776 71
272776 72
272776 73
272776 74
272776 75
272776 76
272776 77
272776 78
272776 79
272776 80
272776 81
272776 82
272776 83
272776 84
272776 85
272776 86
272776 87
272776 88
272776 89
272776 90
272776 91
272776 92
272776 93
272776 94
272776 95
272776 96
272776 97
272776 98
272776 99
272776 100
272776 101
272776 102
272776 103
272776 104
272776 105
272783 1
272783 2
272783 3
272783 4
272783 5
272783 6
272783 7
272783 8
272783 9
272783 10
272783 11
272783 12
272783 13
272783 14
272783 15
272783 16
272783 17
272783 18
272783 19
272783 20
272783 21
272783 22
272783 23
272783 24
272783 25
272783 26
272783 27
272783 28
272783 29
272783 30
272783 31
272783 32
272783 33
272783 34
272783 35
272783 36
272783 37
272783 38
272783 39
272783 40
272783 41
272783 42
272783 43
272783 44
272783 45
272783 46
272783 47
272783 48
272783 49
272783 50
272783 51
272783 52
272783 53
272783 54
272783 55
272783 56
272783 57
272783 58
272783 59
272783 60
272783 61
272783 62
272783 63
272783 64
272783 65
272783 66
272783 67
272783 68
272783 69
272783 70
272783 71
272783 72
272783 73
272783 74
272783 75
272783 76
272783 77
272783 78
272783 79
272783 80
272783 81
272783 82
272783 83
272783 84
272783 85
272783 86
272783 87
272783 88
272783 89
272783 90
272783 91
272783 92
272783 93
272783 94
272783 95
272783 96
272783 97
272783 98
272783 99
272783 100
272783 101
272783 102
272783 103
272783 104
272783 105
272783 106
272783 107
272783 108
272783 109
272783 110
272783 111
272783 112
272783 113
272783 114
272783 115
272783 116
272783 117
272783 118
272783 119
272783 120
272783 121
272783 122
272783 123
272783 124
272783 125
272783 126
272783 127
272783 128
272783 129
272783 130
272783 131
272783 132
272783 133
272783 134
272783 135
272783 136
272783 137
272783 138
272783 139
272783 140
272783 141
272783 142
272783 143
272783 144
272783 145
272783 146
272783 147
272783 148
272783 149
272784 1
272784 2
272784 3
272784 4
272784 5
272784 6
272784 7
272784 8
272784 9
272784 10
272784 11
272784 12
272784 13
272784 14
272784 15
272784 16
272784 17
272784 18
272784 19
272784 20
272784 21
272784 22
272784 23
272784 24
272784 25
272784 26
272784 27
272784 28
272784 29
272784 30
272784 31
272784 32
272784 33
272784 34
272784 35
272784 36
272784 37
272784 38
272784 39
272784 40
272784 41
272784 42
272784 43
272784 44
272784 45
272784 46
272784 47
272784 48
272784 49
272784 50
272784 51
272784 52
272784 53
272784 54
272784 55
272784 56
272784 57
272784 58
272784 59
272784 60
272784 61
272784 62
272784 63
272784 64
272784 65
272784 66
272784 67
272784 68
272784 69
272784 70
272784 71
272784 72
272784 73
272784 74
272784 75
272784 76
272784 77
272784 78
272784 79
272784 80
272784 81
272784 82
272784 83
272784 84
272784 85
272784 86
272784 87
272784 88
272784 89
272784 90
272784 91
272784 92
272784 93
272784 94
272784 95
272784 96
272784 97
272784 98
272784 99
272784 100
272784 101
272784 102
272784 103
272784 104
272784 105
272784 106
272784 107
272784 108
272784 109
272784 110
272784 111
272784 112
272784 113
272784 114
272784 115
272784 116
272784 117
272784 118
272784 119
272784 120
272784 121
272784 122
272784 123
272784 124
272784 125
272784 126
272784 127
272784 128
272784 129
272784 130
272784 131
272784 132
272784 133
272784 134
272784 135
272784 136
272784 137
272784 138
272784 139
272784 140
272784 141
272784 142
272784 143
272784 144
272784 145
272784 146
272784 147
272784 148
272784 149
272784 150
272784 151
272784 152
272784 153
272784 154
272784 155
272784 156
272784 157
272784 158
272784 159
272784 160
272784 161
272784 162
272784 163
272784 164
272784 165
272784 166
272784 167
272784 168
272784 169
272784 170
272784 171
272784 172
272784 173
272784 174
272784 175
272784 176
272784 177
272784 178
272784 179
272784 180
272784 181
272784 182
272784 183
272784 184
272784 185
272784 186
272784 187
272784 188
272784 189
272784 190
272784 191
272784 192
272784 193
272784 194
272784 195
272784 196
272784 197
272784 198
272784 199
272784 200
272784 201
272784 202
272784 203
272784 204
272784 205
272784 206
272784 207
272784 208
272784 209
272784 210
272784 211
272784 212
272784 213
272784 214
272784 215
272784 216
272784 217
272784 218
272784 219
272784 220
272784 221
272784 222
272784 223
272784 224
272784 225
272784 226
272784 227
272784 228
272784 229
272784 230
272784 231
272784 232
272784 233
272784 234
272784 235
272784 236
272784 237
272784 238
272784 239
272784 240
272784 241
272784 242
272784 243
272784 244
272784 245
272784 246
272784 247
272784 248
272784 249
272784 250
272784 251
272784 252
272784 253
272784 254
272784 255
272784 256
272784 257
272784 258
272784 259
272784 260
272784 261
272784 262
272784 263
272784 264
272784 265
272784 266
272784 267
272784 268
272784 269
272784 270
272784 271
272784 272
272784 273
272784 274
272784 275
272784 276
272784 277
272784 278
272784 279
272784 280
272784 281
272784 282
272784 283
272784 284
272784 285
272784 286
272784 287
272784 288
272784 289
272784 290
272784 291
272784 292
272784 293
272784 294
272785 1
272785 2
272785 3
272785 4
272785 5
272785 6
272785 7
272785 8
272785 9
272785 10
272785 11
272785 12
272785 13
272785 14
272785 15
272785 16
272785 17
272785 18
272785 19
272785 20
272785 21
272785 22
272785 23
272785 24
272785 25
272785 26
272785 27
272785 28
272785 29
272785 30
272785 31
272785 32
272785 33
272785 34
272785 35
272785 36
272785 37
272785 38
272785 39
272785 40
272785 41
272785 42
272785 43
272785 44
272785 45
272785 46
272785 47
272785 48
272785 49
272785 50
272785 51
272785 52
272785 53
272785 54
272785 55
272785 56
272785 57
272785 58
272785 59
272785 60
272785 61
272785 62
272785 63
272785 64
272785 65
272785 66
272785 67
272785 68
272785 69
272785 70
272785 71
272785 72
272785 73
272785 74
272785 75
272785 76
272785 77
272785 78
272785 79
272785 80
272785 81
272785 82
272785 83
272785 84
272785 85
272785 86
272785 87
272785 88
272785 89
272785 90
272785 91
272785 92
272785 93
272785 94
272785 95
272785 96
272785 97
272785 98
272785 99
272785 100
272785 101
272785 102
272785 103
272785 104
272785 105
272785 106
272785 107
272785 108
272785 109
272785 110
272785 111
272785 112
272785 113
272785 114
272785 115
272785 116
272785 117
272785 118
272785 119
272785 120
272785 121
272785 122
272785 123
272785 124
272785 125
272785 126
272785 127
272785 128
272785 129
272785 130
272785 131
272785 132
272785 133
272785 134
272785 135
272785 136
272785 137
272785 138
272785 139
272785 140
272785 141
272785 142
272785 143
272785 144
272786 1
272786 2
272786 3
272786 4
272786 5
272786 6
272786 7
272786 8
272786 9
272786 10
272786 11
272786 12
272786 13
272786 14
272786 15
272786 16
272786 17
272786 18
272786 19
272786 20
272786 21
272786 22
272786 23
272786 24
272786 25
272786 26
272786 27
272786 28
272786 29
272786 30
272786 31
272786 32
272786 33
272786 34
272786 35
272786 36
272786 37
272786 38
272786 39
272786 40
272786 41
272786 42
272786 43
272786 44
272786 45
272786 46
272786 47
272786 48
272786 49
272786 50
272786 51
272786 52
272786 53
272786 54
272786 55
272786 56
272786 57
272786 58
272786 59
272798 90
272798 91
272798 92
272798 93
272798 94
272798 95
272798 96
272798 97
272798 98
272798 99
272798 100
272798 101
272798 102
272798 103
272798 104
272798 105
272798 106
272798 107
272798 108
272798 109
272798 110
272798 111
272798 112
272798 113
272798 114
272798 115
272798 116
272798 117
272798 118
272798 119
272798 120
272798 121
272798 122
272798 123
272798 124
272798 125
272798 126
272798 127
272798 128
272798 129
272798 130
272798 131
272798 132
272798 133
272798 134
272798 135
272798 136
272798 137
272798 138
272798 139
272798 140
272798 141
272798 142
272798 143
272798 144
272798 145
272798 146
272798 147
272798 148
272798 149
272798 150
272798 151
272798 152
272798 153
272798 154
272798 155
272798 156
272798 157
272798 158
272798 159
272798 160
272798 161
272798 162
272798 163
272798 164
272798 165
272798 166
272798 167
272798 168
272798 169
272798 170
272798 171
272798 172
272798 173
272798 174
272798 175
272798 176
272798 177
272798 178
272798 179
272798 180
272798 181
272798 182
272798 183
272798 184
272798 185
272798 186
272798 187
272798 188
272798 189
272798 190
272798 191
272798 192
272798 193
272798 194
272798 195
272798 196
272798 197
272798 198
272798 199
272798 200
272798 201
272798 202
272798 203
272798 204
272798 205
272798 206
272798 207
272798 208
272798 209
272798 210
272798 211
272798 212
272798 213
272798 214
272798 215
272798 216
272798 217
272798 218
272798 219
272798 220
272798 221
272798 222
272798 223
272798 224
272798 225
272798 226
272798 227
272798 228
272798 229
272798 230
272798 231
272798 232
272798 233
272798 234
272798 235
272798 236
272798 237
272798 238
272798 239
272798 240
272798 241
272798 242
272798 243
272798 244
272798 245
272798 246
272798 247
272798 248
272798 249
272798 250
272798 251
272798 252
272798 253
272798 254
272798 255
272798 256
272798 257
272798 258
272798 259
272798 260
272798 261
272798 262
272798 263
272798 264
272798 265
272798 266
272798 267
272798 268
272798 269
272798 270
272798 271
272798 272
272798 273
272798 274
272798 275
272798 276
272798 277
272798 278
272798 279
272798 280
272798 281
272798 282
272798 283
272798 284
272798 285
272798 286
272798 287
272798 288
272798 289
272798 290
272798 291
272798 292
272798 293
272798 294
272798 295
272798 296
272798 297
272798 298
272798 299
272798 300
272798 301
272798 302
272798 303
272798 304
272798 305
272798 306
272798 307
272798 308
272798 309
272798 310
272798 311
272798 312
272798 313
272798 314
272798 315
272798 316
272798 317
272798 318
272798 319
272798 320
272798 321
272798 322
272798 323
272798 324
272798 325
272798 326
272798 327
272798 328
272798 329
272798 330
272798 331
272798 332
272798 333
272798 334
272798 335
272798 336
272798 337
272798 338
272798 339
272798 340
272798 341
272798 342
272798 343
272798 344
272798 345
272798 346
272798 347
272798 348
272798 349
272798 350
272798 351
272798 352
272798 353
272798 354
272798 355
272798 356
272798 357
272798 358
272798 359
272798 360
272798 361
272798 362
272798 363
272798 364
272798 365
272798 366
272798 367
272798 368
272798 369
272798 370
272798 371
272798 372
272798 373
272798 374
272798 375
272798 376
272798 377
272798 378
272798 379
272798 380
272798 381
272798 382
272798 383
272798 384
272798 385
272798 386
272798 387
272798 388
272798 389
272798 390
272798 391
272798 392
272798 393
272798 394
272798 395
272798 396
272798 397
272798 398
272798 399
272798 400
272798 401
272798 402
272798 403
272798 404
272798 405
272798 406
272798 407
272798 408
272798 409
272798 410
272798 411
272798 412
272798 413
272798 414
272798 415
272798 416
272798 417
272798 418
272798 419
272798 420
272798 421
272798 422
272798 423
272798 424
272798 425
272798 426
272798 427
272798 428
272798 429
272798 430
272798 431
272798 432
272798 433
272798 434
272798 435
272798 436
272798 437
272798 438
272798 439
272798 440
272798 441
272798 442
272798 443
272798 444
272798 445
272798 446
272798 447
272798 448
272798 449
272798 450
272798 451
272798 452
272798 453
272798 454
272798 455
272798 456
272798 457
272798 458
272798 459
272798 460
272798 461
272798 462
272798 463
272798 464
272798 465
272798 466
272798 467
272798 468
272798 469
272798 470
272798 471
272798 472
272798 473
272798 474
272798 475
272798 476
272798 477
272798 478
272798 479
272798 480
272798 481
272798 482
272798 483
272798 484
272798 485
272798 486
272798 487
272798 488
272798 489
272798 490
272798 491
272798 492
272798 493
272798 494
272798 495
272798 496
272798 497
272798 498
272798 499
272798 500
272798 501
272798 502
272798 503
272798 504
272798 505
272798 506
272798 507
272798 508
272798 509
272798 510
272798 511
272798 512
272798 513
272798 514
272798 515
272798 516
272798 517
272798 518
272798 519
272798 520
272798 521
272798 522
272798 523
272798 524
272798 525
272798 526
272798 527
272798 528
272798 529
272798 530
272798 531
272798 532
272798 533
272798 534
272798 535
272798 536
272798 537
272798 538
272798 539
272798 540
272798 541
272798 542
272798 543
272798 544
272798 545
272798 546
272798 547
272798 548
272798 549
272798 550
272798 551
272798 552
272798 553
272798 554
272798 555
272798 556
272798 557
272798 558
272798 559
272798 560
272798 561
272798 562
272798 563
272798 564
272798 565
272798 566
272798 567
272798 568
272798 569
272798 570
272798 571
272798 572
272798 573
272798 574
272798 575
272798 576
272798 577
272798 578
272798 579
272798 580
272798 581
272798 582
272798 583
272798 584
272798 585
272798 586
272798 587
272798 588
272798 589
272798 590
272798 591
272798 592
272798 593
272798 594
272798 595
272798 596
272798 597
272798 598
272798 599
272798 600
272798 601
272798 602
272798 603
272798 604
272798 605
272798 606
272798 607
272798 608
272798 609
272798 610
272798 611
272798 612
272798 613
272798 614
272798 615
272798 616
272798 617
272798 618
272798 619
272798 620
272798 621
272798 622
272798 623
272798 624
272798 625
272798 626
272798 627
272798 628
272798 629
272798 630
272798 631
272798 632
272798 633
272798 634
272798 635
272798 636
272798 637
272798 638
272798 639
272798 640
272798 641
272798 642
272798 643
272798 644
272798 645
272798 646
272798 647
272798 648
272798 649
272798 650
272798 651
272798 652
272798 653
272798 654
272798 655
272798 656
272798 657
272798 658
272798 659
272798 660
272798 661
272798 662
272798 663
272798 664
272798 665
272798 666
272798 667
272798 668
272798 669
272798 670
272798 671
272798 672
272798 673
272798 674
272798 675
272798 676
272798 677
272798 678
272798 679
272798 680
272798 681
272798 682
272798 683
272798 684
272798 685
272798 686
272798 687
272798 688
272798 689
272798 690
272798 691
272798 692
272798 693
272798 694
272798 695
272798 696
272798 697
272798 698
272798 699
272798 700
272798 701
272798 702
272798 703
272798 704
272798 705
272798 706
272798 707
272798 708
272798 709
272798 710
272798 711
272798 712
272798 713
272798 714
272798 715
272798 716
272798 717
272798 718
272798 719
272798 720
272798 721
272798 722
272798 723
272798 724
272798 725
272798 726
272798 727
272798 728
272798 729
272798 730
272798 731
272798 732
272798 733
272798 734
272798 735
272798 736
272798 737
272798 738
272798 739
272798 740
272798 741
272798 742
272798 743
272798 744
272798 745
272798 746
272798 747
272798 748
272798 749
272798 750
272798 751
272798 752
272798 753
272798 754
272798 755
272798 756
272798 757
272798 758
272798 759
272798 760
272798 761
272798 762
272798 763
272798 764
272798 765
272798 766
272798 767
272798 768
272798 769
272798 770
272798 771
272798 772
272798 773
272798 774
272798 775
272798 776
272798 777
272798 778
272798 779
272798 780
272798 781
272798 782
272798 783
272798 784
272798 785
272798 786
272798 787
272798 788
272798 789
272798 790
272798 791
272798 792
272798 793
272798 794
272798 795
272798 796
272798 797
272798 798
272798 799
272798 800
272798 801
272798 802
272798 803
272798 804
272798 805
272798 806
272798 807
272798 808
272798 809
272798 810
272798 811
272798 812
272798 813
272798 814
272798 815
272798 816
272798 817
272798 818
272798 819
272798 820
272798 821
272798 822
272798 823
272798 824
272798 825
272798 826
272798 827
272798 828
272798 829
272798 830
272798 831
272798 832
272798 833
272798 834
272798 835
272798 836
272798 837
272798 838
272798 839
272798 840
272798 841
272798 842
272798 843
272798 844
272798 845
272798 846
272798 847
272798 848
272798 849
272798 850
272798 851
272798 852
272798 853
272798 854
272798 855
272798 856
272798 857
272798 858
272798 859
272798 860
272798 861
272798 862
272798 863
272798 864
272798 865
272798 866
272798 867
272798 868
272798 869
272798 870
272798 871
272798 872
272798 873
272798 874
272798 875
272798 876
272798 877
272798 878
272798 879
272798 880
272798 881
272798 882
272798 883
272798 884
272798 885
272798 886
272798 887
272798 888
272798 889
272798 890
272798 891
272798 892
272798 893
272798 894
272798 895
272798 896
272798 897
272798 898
272798 899
272798 900
272798 901
272798 902
272798 903
272798 904
272798 905
272798 906
272798 907
272798 908
272798 909
272798 910
272798 911
272798 912
272798 913
272798 914
272798 915
272798 916
272798 917
272798 918
272798 919
272798 920
272798 921
272798 922
272798 923
272798 924
272798 925
272798 926
272798 927
272798 928
272798 929
272798 930
272798 931
272798 932
272798 933
272798 934
272798 935
272798 936
272798 937
272798 938
272798 939
272798 940
272798 941
272798 942
272798 943
272798 944
272798 945
272798 946
272798 947
272798 948
272798 949
272798 950
272798 951
272798 952
272798 953
272798 954
272798 955
272798 956
272798 957
272798 958
272798 959
272798 960
272798 961
272798 962
272798 963
272798 964
272798 965
272798 966
272798 967
272798 968
272798 969
272798 970
272798 971
272798 972
272798 973
272798 974
272798 975
272798 976
272798 977
272798 978
272798 979
272798 980
272798 981
272798 982
272798 983
272798 984
272798 985
272798 986
272798 987
272798 988
272798 989
272798 990
272798 991
272798 992
272798 993
272798 994
272798 995
272798 996
272798 997
272798 998
272798 999
272798 1000
272798 1001
272798 1002
272798 1003
272798 1004
272798 1005
272798 1006
272798 1007
272798 1008
272798 1009
272798 1010
272798 1011
272798 1012
272798 1013
272798 1014
272798 1015
272798 1016
272798 1017
272798 1018
272798 1019
272798 1020
272798 1021
272798 1022
272798 1023
272798 1024
272798 1025
272798 1026
272798 1027
272798 1028
272798 1029
272798 1030
272798 1031
272798 1032
272798 1033
272798 1034
272798 1035
272798 1036
272798 1037
272798 1038
272798 1039
272798 1040
272798 1041
272798 1042
272798 1043
272798 1044
272798 1045
272798 1046
272798 1047
272798 1048
272798 1049
272798 1050
272798 1051
272798 1052
272798 1053
272798 1054
272798 1055
272798 1056
272798 1057
272798 1058
272798 1059
272798 1060
272798 1061
272798 1062
272798 1063
272798 1064
272798 1065
272798 1066
272798 1067
272798 1068
272798 1069
272798 1070
272798 1071
272798 1072
272798 1073
272798 1074
272798 1075
272798 1076
272798 1077
272798 1078
272798 1079
272798 1080
272798 1081
272798 1082
272798 1083
272798 1084
272798 1085
272798 1086
272798 1087
272798 1088
272798 1089
272798 1090
272798 1091
272798 1092
272798 1093
272798 1094
272798 1095
272798 1096
272798 1097
272798 1098
272798 1099
272798 1100
272798 1101
272798 1102
272798 1103
272798 1104
272798 1105
272798 1106
272798 1107
272798 1108
272798 1109
272798 1110
272798 1111
272798 1112
272798 1113
272798 1114
272798 1115
272798 1116
272798 1117
272798 1118
272798 1119
272798 1120
272798 1121
272798 1122
272798 1123
272798 1124
272798 1125
272798 1126
272798 1127
272798 1128
272798 1129
272798 1130
272798 1131
272798 1132
272798 1133
272798 1134
272798 1135
272798 1136
272798 1137
272798 1138
272798 1139
272798 1140
272798 1141
272798 1142
272798 1143
272798 1144
272798 1145
272798 1146
272798 1147
272798 1148
272798 1149
272798 1150
272798 1151
272798 1152
272798 1153
272798 1154
272798 1155
272798 1156
272798 1157
272798 1158
272798 1159
272798 1160
272798 1161
272798 1162
272798 1163
272798 1164
272798 1165
272798 1166
272798 1167
272798 1168
272798 1169
272798 1170
272798 1171
272798 1172
272798 1173
272798 1174
272798 1175
272798 1176
272798 1177
272798 1178
272798 1179
272798 1180
272798 1181
272798 1182
272798 1183
272798 1184
272798 1185
272798 1186
272798 1187
272798 1188
272798 1189
272798 1190
272798 1191
272798 1192
272798 1193
272798 1194
272798 1195
272798 1196
272798 1197
272798 1198
272798 1199
272798 1200
272798 1201
272798 1202
272798 1203
272798 1204
272798 1205
272798 1206
272798 1207
272798 1208
272798 1209
272798 1210
272798 1211
272798 1212
272798 1213
272798 1214
272798 1215
272798 1216
272798 1217
272798 1218
272798 1219
272798 1220
272798 1221
272798 1222
272798 1223
272798 1224
272798 1225
272798 1226
272798 1227
272798 1228
272798 1229
272798 1230
272798 1231
272798 1232
272798 1233
272798 1234
272798 1235
272798 1236
272798 1237
272798 1238
272798 1239
272798 1240
272798 1241
272798 1242
272798 1243
272798 1244
272798 1245
272798 1246
272798 1247
272798 1248
272798 1249
272798 1250
272798 1251
272798 1252
272798 1253
272798 1254
272798 1255
272798 1256
272798 1257
272798 1258
272798 1259
272798 1260
272798 1261
272798 1262
272798 1263
272798 1264
272798 1265
272798 1266
272798 1267
272798 1268
272798 1269
272798 1270
272798 1271
272798 1272
272798 1273
272798 1274
272798 1275
272798 1276
272798 1277
272798 1278
272798 1279
272798 1280
272798 1281
272798 1282
272798 1283
272798 1284
272798 1285
272798 1286
272798 1287
272798 1288
272798 1289
272798 1290
272798 1291
272798 1292
272798 1293
272798 1294
272798 1295
272798 1296
272798 1297
272798 1298
272798 1299
272798 1300
272798 1301
272798 1302
272798 1303
272798 1304
272798 1305
272798 1306
272798 1307
272798 1308
272798 1309
272798 1310
272798 1311
272798 1312
272798 1313
272798 1314
272798 1315
272798 1316
272798 1317
272798 1318
272798 1319
272798 1320
272798 1321
272798 1322
272798 1323
272798 1324
272798 1325
272798 1326
272798 1327
272798 1328
272798 1329
272798 1330
272798 1331
272798 1332
272798 1333
272798 1334
272798 1335
272798 1336
272798 1337
272798 1338
272798 1339
272798 1340
272798 1341
272798 1342
272798 1343
272798 1344
272798 1345
272798 1346
272798 1347
272798 1348
272798 1349
272798 1350
272798 1351
272798 1352
272798 1353
272798 1354
272798 1355
272798 1356
272798 1357
272798 1358
272798 1359
272798 1360
272798 1361
272798 1362
272798 1363
272798 1364
272798 1365
272798 1366
272798 1367
272798 1368
272798 1369
272798 1370
272798 1371
272798 1372
272798 1373
272798 1374
272798 1375
272798 1376
272798 1377
272798 1378
272798 1379
272798 1380
272798 1381
272798 1382
272798 1383
272798 1384
272798 1385
272798 1386
272798 1387
272798 1388
272798 1389
272798 1390
272798 1391
272798 1392
272798 1393
272798 1394
272798 1395
272798 1396
272798 1397
272798 1398
272798 1399
272798 1400
272798 1401
272798 1402
272798 1403
272798 1404
272798 1405
272798 1406
272798 1407
272798 1408
272798 1409
272798 1410
272798 1411
272798 1412
272798 1413
272798 1414
272798 1415
272798 1416
272798 1417
272798 1418
272798 1419
272798 1420
272798 1421
272798 1422
272798 1423
272798 1424
272798 1425
272798 1426
272798 1427
272798 1428
272798 1429
272798 1430
272798 1431
272798 1432
272798 1433
272798 1434
272798 1435
272798 1436
272798 1437
272798 1438
272798 1439
272798 1440
272798 1441
272798 1442
272798 1443
272798 1444
272798 1445
272798 1446
272798 1447
272798 1448
272798 1449
272798 1450
272798 1451
272798 1452
272798 1453
272798 1454
272798 1455
272798 1456
272798 1457
272798 1458
272798 1459
272798 1460
272798 1461
272798 1462
272798 1463
272798 1464
272798 1465
272798 1466
272798 1467
272798 1468
272798 1469
272798 1470
272798 1471
272798 1472
272798 1473
272798 1474
272798 1475
272798 1476
272798 1477
272798 1478
272798 1479
272798 1480
272798 1481
272798 1482
272798 1483
272798 1484
272798 1485
272798 1486
272798 1487
272798 1488
272798 1489
272798 1490
272798 1491
272798 1492
272798 1493
272798 1494
272798 1495
272798 1496
272798 1497
272798 1498
272798 1499
272798 1500
272798 1501
272798 1502
272798 1503
272798 1504
272798 1505
272798 1506
272798 1507
272798 1508
272798 1509
272798 1510
272798 1511
272798 1512
272798 1513
272798 1514
272798 1515
272798 1516
272798 1517
272798 1518
272798 1519
272798 1520
272798 1521
272798 1522
272798 1523
272798 1524
272798 1525
272798 1526
272798 1527
272798 1528
272798 1529
272798 1530
272798 1531
272798 1532
272798 1533
272798 1534
272798 1535
272798 1536
272798 1537
272798 1538
272798 1539
272798 1540
272798 1541
272798 1542
272798 1543
272798 1544
272798 1545
272798 1546
272798 1547
272798 1548
272798 1549
272798 1550
272798 1551
272798 1552
272798 1553
272798 1554
272798 1555
272798 1556
272798 1557
272798 1558
272798 1559
272798 1560
272798 1561
272798 1562
272798 1563
272798 1564
272798 1565
272798 1566
272798 1567
272798 1568
272798 1569
272798 1570
272798 1571
272798 1572
272798 1573
272798 1574
272798 1575
272798 1576
272798 1577
272798 1578
272798 1579
272798 1580
272798 1581
272798 1582
272798 1583
272798 1584
272798 1585
272798 1586
272798 1587
272798 1588
272798 1589
272798 1590
272798 1591
272798 1592
272798 1593
272798 1594
272798 1595
272798 1596
272798 1597
272798 1598
272798 1599
272798 1600
272798 1601
272798 1602
272798 1603
272798 1604
272798 1605
272798 1606
272798 1607
272798 1608
272798 1609
272798 1610
272798 1611
272798 1612
272798 1613
272798 1614
272798 1615
272798 1616
272798 1617
272798 1618
272798 1619
272798 1620
272798 1621
272798 1622
272798 1623
272798 1624
272798 1625
272798 1626
272798 1627
272798 1628
272798 1629
272798 1630
272798 1631
272798 1632
272798 1633
272798 1634
272798 1635
272798 1636
272798 1637
272798 1638
272798 1639
272798 1640
272798 1641
272798 1642
272798 1643
272798 1644
272798 1645
272798 1646
272798 1647
272798 1648
272798 1649
272798 1650
272798 1651
272798 1652
272798 1653
272798 1654
272798 1655
272798 1656
272798 1657
272798 1658
272798 1659
272798 1660
272798 1661
272798 1662
272798 1663
272798 1664
272798 1665
272798 1666
272798 1667
272798 1668
272798 1669
272798 1670
272798 1671
272798 1672
272798 1673
272798 1674
272798 1675
272798 1676
272798 1677
272798 1678
272798 1679
272798 1680
272798 1681
272798 1682
272798 1683
272798 1684
272798 1685
272798 1686
272798 1687
272798 1688
272798 1689
272798 1690
272798 1691
272798 1692
272798 1693
272798 1694
272798 1695
272798 1696
272798 1697
272798 1698
272798 1699
272798 1700
272798 1701
272798 1702
272798 1703
272798 1704
272798 1705
272798 1706
272798 1707
272798 1708
272798 1709
272798 1710
272798 1711
272798 1712
272798 1713
272798 1714
272798 1715
272798 1716
272798 1717
272798 1718
272798 1719
272798 1720
272798 1721
272798 1722
272798 1723
272798 1724
272798 1725
272798 1726
272798 1727
272798 1728
272798 1729
272798 1730
272798 1731
272798 1732
272798 1733
272798 1734
272798 1735
272798 1736
272798 1737
272798 1738
272798 1739
272798 1740
272798 1741
272798 1742
272798 1743
272798 1744
272798 1745
272798 1746
272798 1747
272798 1748
272798 1749
272798 1750
272798 1751
272798 1752
272798 1753
272798 1754
272798 1755
272798 1756
272798 1757
272798 1758
272798 1759
272798 1760
272798 1761
272798 1762
272798 1763
272798 1764
272798 1765
272798 1766
272798 1767
272798 1768
272798 1769
272798 1770
272798 1771
272798 1772
272798 1773
272798 1774
272798 1775
272798 1776
272798 1777
272798 1778
272798 1779
272798 1780
272798 1781
272798 1782
272798 1783
272798 1784
272798 1785
272798 1786
272798 1787
272798 1788
272798 1789
272798 1790
272798 1791
272798 1792
272798 1793
272798 1794
272798 1795
272798 1796
272798 1797
272798 1798
272798 1799
272798 1800
272811 94
272811 96
272811 97
272811 98
272811 99
272811 100
272811 101
272811 102
272811 103
272811 104
272811 105
272811 106
272811 107
272811 108
272811 109
272811 110
272811 111
272811 112
272811 113
272811 114
272811 115
272811 116
272811 117
272811 118
272811 119
272811 120
272811 121
272811 122
272811 123
272811 124
272811 125
272811 126
272811 127
272811 128
272811 129
272811 130
272811 131
272811 132
272811 133
272811 134
272811 135
272811 136
272811 137
272811 138
272811 139
272811 140
272811 141
272811 142
272811 143
272811 144
272811 145
272811 146
272811 147
272811 148
272811 149
272811 150
272811 151
272811 152
272811 153
272811 154
272811 155
272811 156
272811 157
272811 158
272811 159
272811 160
272811 161
272811 162
272811 163
272811 164
272811 165
272811 166
272811 167
272811 168
272811 169
272811 170
272811 171
272811 172
272811 173
272811 174
272811 175
272811 176
272811 177
272811 178
272811 179
272811 180
272811 181
272811 182
272811 183
272811 184
272811 185
272815 1
272815 2
272815 3
272815 4
272815 5
272815 6
272815 7
272815 8
272815 9
272815 10
272815 11
272815 12
272815 13
272815 14
272815 15
272815 16
272815 17
272815 18
272816 1
272816 2
272816 3
272816 4
272816 5
272816 6
272816 7
272816 8
272816 9
272816 10
272816 11
272816 12
272816 13
272816 14
272816 15
272816 16
272816 17
272816 18
272816 19
272816 20
272816 21
272816 22
272816 23
272816 24
278963 24
278969 1052
278969 1292
272828 1
272828 2
272828 3
272828 4
272828 5
272828 6
272828 7
272828 8
272828 9
272828 10
272828 11
272828 12
272828 13
272828 14
272828 15
272828 16
272828 17
272828 18
272828 19
272828 20
272828 21
272828 22
272828 23
272828 24
272828 25
272828 26
272828 27
272828 28
272828 29
272828 30
272828 31
272828 32
272828 33
272828 34
272828 35
272828 36
272828 37
272828 38
272828 39
272828 40
272828 41
272828 42
272828 43
272828 44
272828 45
272828 46
272828 47
272828 48
272828 49
272828 50
272828 51
272828 52
272828 53
272828 54
272828 55
272828 56
276935 185
276935 839
276935 840
276935 841
276941 1
276941 2
276941 3
276941 4
276941 5
276941 6
276941 7
276941 8
276941 9
276941 10
276941 11
276941 12
276941 13
276941 14
276941 15
276941 16
276941 17
276941 18
276942 1
276942 2
276942 3
276942 4
276942 5
276942 6
276942 7
276942 8
276942 9
276942 10
276942 11
276942 12
276942 13
276942 14
276944 1
276944 2
276944 3
276944 4
276944 5
276944 6
276944 7
276944 8
276944 9
276944 10
276944 11
276944 12
276944 13
276944 14
276944 15
276945 1
276945 2
276945 3
276945 4
276945 5
272812 1
272812 2
272812 3
272812 4
272812 5
272812 6
272812 7
272812 8
272812 9
272812 10
272812 11
272812 12
272812 13
272812 14
272812 15
272812 16
272812 17
272812 18
272812 19
272812 20
272812 21
272812 22
272812 23
272812 24
272812 25
272812 26
272812 27
272812 28
272812 29
272812 30
272812 31
272812 32
272812 33
272812 34
272812 35
272812 36
272812 37
272812 38
272812 39
272812 40
272812 41
272812 42
272812 43
272812 44
272812 45
272812 46
272812 47
272812 48
272812 49
272812 50
272812 51
272812 52
272812 53
272812 54
272812 55
272812 56
272812 57
272812 58
272812 59
272812 60
272812 61
272812 62
272812 63
272812 64
272812 65
272812 66
272812 67
272812 68
272812 69
272812 70
272812 71
272812 72
272812 73
272812 74
272812 75
272812 76
272812 77
272812 78
272812 79
272812 80
272812 81
272812 82
272812 83
272812 84
272812 85
272812 86
272812 87
272812 88
272812 89
272812 90
272812 91
272812 92
272812 93
272812 94
272812 95
272812 96
272812 97
272812 98
272812 99
272812 100
272812 101
272812 102
272812 103
272812 104
272812 105
272812 106
272812 107
272812 108
272812 109
272812 110
272812 111
272812 112
272812 113
272812 114
272812 115
272812 116
272812 117
272812 118
272812 119
272812 120
272812 121
272812 122
272812 123
272812 124
272812 125
272812 126
272812 127
272812 128
272812 129
272812 130
272812 131
272812 132
272812 133
272812 134
272812 135
272812 136
272812 137
272812 138
272812 139
272812 140
272812 141
272812 142
272812 143
272812 144
272812 145
272812 146
272812 147
272812 148
272812 149
272812 150
272812 151
272812 152
272812 153
272812 154
272812 155
272812 156
272812 157
272812 158
272812 159
272812 160
272812 161
272812 162
272812 163
272812 164
272812 165
272812 166
272812 167
272812 168
272812 169
272812 170
272812 171
272812 172
272812 173
272812 174
272812 175
272812 176
272812 177
272812 178
272812 179
272812 180
272812 181
272812 182
272812 183
272812 184
272812 185
272812 186
272812 187
272812 188
272812 189
272812 190
272812 191
272812 192
272812 193
272812 194
272812 195
272812 196
272812 197
272812 198
272812 199
272812 200
272812 201
272812 202
272812 203
272812 204
272812 205
272812 206
272812 207
272812 208
272812 209
272812 210
272812 211
272812 212
272812 213
272812 214
272812 215
272812 216
272812 217
272812 218
272812 219
272812 220
272812 221
272812 222
272812 223
272812 224
272812 225
272812 226
272812 227
272812 228
272812 229
272812 230
272812 231
272812 232
272812 233
272812 234
272812 235
272812 236
272812 237
272812 238
272812 239
272812 240
272812 241
272812 242
272812 243
272812 244
272812 245
272812 246
272812 247
272812 248
272812 249
272812 250
272812 251
272812 252
272812 253
272812 254
272812 255
272812 256
272812 257
272812 258
272812 259
272812 260
272812 261
272812 262
272812 263
272812 264
272812 265
272812 266
272812 267
272812 268
272812 269
272812 270
272812 271
272812 272
272812 273
272812 274
272812 275
272812 276
272812 277
272812 278
272812 279
272812 280
272812 281
272812 282
272812 283
272812 284
272812 285
272812 286
272812 287
272812 288
272812 289
272812 290
272812 291
272812 292
272812 293
272812 294
272812 295
272812 296
272812 297
272812 298
272812 299
272812 300
272812 301
272812 302
272812 303
272812 304
272812 305
272812 306
272812 307
272812 308
272812 309
272812 310
272812 311
272812 312
272812 313
272812 314
272812 315
272812 316
272812 317
272812 318
272812 319
272812 320
272812 321
272812 322
272812 323
272812 324
272812 325
272812 326
272812 327
272812 328
272812 329
272812 330
272812 331
272812 332
272812 333
272812 334
272812 335
272812 336
272812 337
272812 338
272812 339
272812 340
272812 341
272812 342
272812 343
272812 344
272812 345
272812 346
272812 347
272812 348
272812 349
272812 350
272812 351
272812 352
272812 353
272812 354
272812 355
272812 356
272812 357
272812 358
272812 359
272812 360
272812 361
272812 362
272812 363
272812 364
272812 365
272812 366
272812 367
272812 368
272812 369
272812 370
272812 371
272812 372
274967 1
274967 2
274967 3
274967 4
274967 5
274967 6
274967 7
274967 8
274967 9
274967 10
274967 11
274967 12
274967 13
274967 14
274967 15
274967 16
274967 17
274967 18
274967 19
274967 20
274967 21
274967 22
274967 23
274967 24
274967 25
274967 26
274967 27
274967 28
274967 29
274967 30
274967 31
274967 32
274967 33
274967 34
274967 35
274967 36
274967 37
274967 38
274967 39
272930 1
272930 2
272930 3
272930 4
272930 5
272930 6
272930 7
272930 8
272930 9
272930 10
272930 11
272930 12
272930 13
272930 14
272930 15
272930 16
272930 17
272930 18
272930 19
272930 20
272930 21
272930 22
272930 23
272930 24
272930 25
272930 26
272930 27
272930 28
272930 29
272930 30
272930 31
272930 32
272930 33
272930 34
272930 35
272930 36
272930 37
272930 38
272930 39
272930 40
272930 41
272930 42
272930 43
272930 44
272930 45
272930 46
272930 47
272930 48
272930 49
272930 50
272930 51
272930 52
272930 53
272930 54
272930 55
272930 56
272930 57
272930 58
272930 59
272930 60
272930 61
272930 62
272930 63
272930 64
272930 65
272930 66
272930 67
272930 68
272930 69
272930 70
272930 71
272930 72
272930 73
272930 74
272930 75
272930 76
272930 77
272930 78
272930 79
272930 80
272930 81
272930 82
272930 83
272930 84
272930 85
272930 86
272930 87
272930 88
272930 89
272930 90
272930 91
272930 92
272930 93
272930 94
272930 95
272930 96
272930 97
272930 98
272930 99
272930 100
272930 101
272930 102
272930 103
272930 104
272930 105
272930 106
272930 107
272930 108
272930 109
272930 110
272930 111
272930 112
272930 113
272930 114
272930 115
272930 116
272930 117
272930 118
272930 119
272930 120
272930 121
272930 122
272930 123
272930 124
272930 125
272930 126
272930 127
272930 128
272930 129
272930 130
272930 131
272930 132
272930 133
272930 134
272930 135
272930 136
272930 137
272930 138
272930 139
272930 140
272930 141
272930 142
272930 143
272930 144
272930 145
272930 146
272930 147
272930 148
272930 149
272930 150
272930 151
272930 152
272930 153
272930 154
272930 155
272930 156
272930 157
272930 158
272930 159
272930 160
272930 161
272930 162
272930 163
272930 164
275001 1782
275001 1783
275001 1784
275001 1785
277072 254
277072 255
277076 4
277076 8
277076 36
277076 37
277094 162
277094 163
276242 8
276242 9
276242 10
276242 11
276242 12
276242 13
276242 14
276242 15
276242 16
276242 17
276242 62
276242 63
276242 64
276242 65
276242 66
276242 67
276242 68
276242 69
276242 70
276242 71
275059 82
275059 83
275059 84
275059 85
275059 86
275059 87
275059 88
275059 89
275059 90
275059 91
275059 92
275059 93
275059 94
275059 95
275059 96
275059 97
275059 98
275059 99
275059 100
275059 101
275059 102
275059 103
275059 104
277127 439
283308 548
283308 572
283308 949
283308 950
283308 951
283308 952
283308 953
283308 954
283308 955
283308 956
283308 957
283308 958
283308 959
283308 960
283308 961
283308 962
283308 963
283308 964
283308 965
283308 966
283308 967
283308 968
283308 969
283308 970
283308 971
277194 140
277194 141
277194 142
277194 143
283358 244
277218 125
277218 126
277218 127
277218 128
277219 1
277219 2
277219 3
277219 4
277219 5
277219 6
278315 255
278315 662
283416 1
283416 2
283416 3
283416 4
283416 5
283416 6
283416 7
283416 8
283416 9
283416 10
283416 11
283416 12
283416 13
283416 14
283416 15
283416 16
283416 17
283416 18
283416 19
283416 20
283416 21
283416 22
283416 23
283416 24
283416 25
283416 26
283416 27
283416 28
283416 29
283416 30
283416 31
283416 32
283416 33
283416 34
283416 35
283416 36
283416 37
283416 38
283416 39
283416 40
283416 41
283416 42
283416 43
283416 44
283416 45
283416 46
283416 47
283416 48
275284 75
275284 76
275284 77
275284 78
275284 79
275284 80
275284 81
275284 82
275284 83
275284 84
275284 85
275284 86
275284 87
275284 88
275284 89
275284 90
275284 91
275284 92
275284 93
275284 94
275284 95
275284 96
275284 97
275284 98
275284 99
275284 100
275284 101
275284 102
275284 103
275284 104
275284 105
275284 106
275284 107
275284 108
275285 1
283478 304
283478 305
283478 306
283478 307
283478 308
283478 309
283478 310
283478 311
283478 312
283478 313
283478 314
283478 315
283478 316
283478 317
283478 318
283478 319
283478 320
283478 321
283478 322
283478 323
275289 1
275289 2
275289 3
275289 4
275289 5
275289 6
275289 7
275289 8
275289 9
275289 10
275289 11
275289 12
275289 13
275289 14
275289 15
275289 16
275289 17
275289 18
275289 19
275290 1
275290 2
275290 3
275290 4
275290 5
275290 6
275290 7
275290 8
275290 9
275290 10
275290 11
275290 12
275290 13
275290 14
275290 15
275290 16
275290 17
275290 18
275290 19
275290 20
275290 21
275290 22
275290 23
275290 24
275290 25
275290 26
275290 27
275290 28
275290 29
275290 30
275290 31
275290 32
275290 33
275290 34
275290 35
275290 36
275290 37
275290 38
275290 39
275290 40
275290 41
275290 42
275290 43
275290 44
275290 45
275290 46
275290 47
275290 48
275290 49
275290 50
275290 51
275290 52
275290 53
275290 54
275290 55
275290 56
275290 57
275290 58
275290 59
275290 60
275290 61
275290 62
275290 63
275290 64
275290 65
275290 66
275290 67
275290 68
275290 69
275290 70
275290 71
275290 72
275290 73
275290 74
275290 75
275290 76
275290 77
275290 78
275290 79
275290 80
275290 81
275290 82
275290 83
275290 84
275290 85
275290 86
275290 87
275290 88
275290 89
275290 90
275290 91
275290 92
275290 93
275290 94
275290 95
280385 520
280385 521
280385 522
273291 1
273291 2
273291 3
273291 4
273291 5
273291 6
273291 7
273291 8
273291 9
273291 10
273291 11
273291 12
273291 13
273291 14
273291 15
273291 16
273291 17
273291 18
273291 19
273291 20
273291 21
273291 22
273291 23
273291 24
273291 25
273291 26
273291 27
273291 28
273291 29
273291 30
273291 31
273291 32
273291 33
273291 34
273291 35
273291 36
273291 37
273291 38
273291 39
273291 40
273291 41
273291 42
273291 43
273291 44
273291 45
273291 46
273291 47
273291 48
273291 49
273291 50
273291 51
273291 52
273291 53
273291 54
273291 55
273291 56
273291 57
273291 58
273291 59
273291 60
273291 61
273291 62
273291 63
273291 64
273291 65
273291 66
273291 67
273291 68
273291 69
273291 70
273291 71
273291 72
273291 73
273291 74
273291 75
273291 76
273291 77
273299 1
273299 2
273299 3
273299 4
273299 5
273299 6
273299 7
273299 8
273299 9
273299 10
273299 11
273299 12
273299 13
273299 14
273299 15
273299 16
273299 17
273299 18
273299 19
273299 20
273299 21
273299 22
273299 23
273299 24
273299 25
273299 26
273299 27
273299 28
273299 29
273299 30
273299 31
273299 32
273299 33
273299 34
273299 35
273299 36
273299 37
273299 38
273299 39
273299 40
273299 41
273299 42
273299 43
273301 1
273301 2
273301 3
273301 4
273301 5
273301 6
273301 7
273301 8
273301 9
273301 10
273301 11
273301 12
273301 13
273301 14
273301 15
273301 16
273301 17
273301 18
273301 19
273301 20
273301 21
273301 22
273301 23
273301 24
273301 25
273301 26
273301 27
273301 28
273301 29
273301 30
273301 31
273301 32
273301 33
273301 34
273301 35
273301 36
273301 37
273301 38
273301 39
273301 40
273301 41
273301 42
273301 43
273301 44
273301 45
273301 46
273301 47
273301 48
273301 49
273301 50
273301 51
273301 52
273301 53
273301 54
273301 55
273301 56
273301 57
273301 58
273301 59
273301 60
273301 61
273301 62
273301 63
273301 64
273301 65
273301 66
273301 67
273301 68
273301 69
273301 70
273301 71
273301 72
273301 73
273301 74
273301 75
273301 76
273301 77
273301 78
273301 79
273301 80
273301 81
273301 82
273301 83
273301 84
273301 85
273301 86
273301 87
273301 88
273301 89
273301 90
273301 91
273301 92
273301 93
273301 94
273301 95
273301 96
273301 97
273301 98
273301 99
273301 100
273301 101
273301 102
273301 103
273301 104
273301 105
273301 106
273301 107
273301 108
273301 109
273301 110
273301 111
273301 112
273301 113
273301 114
273301 115
273301 116
273301 117
273301 118
273301 119
273301 120
273301 121
273301 122
273301 123
273301 124
273301 125
273301 126
273301 127
273301 128
273301 129
273301 130
273301 131
273301 132
273301 133
273301 134
273301 135
273301 136
273301 137
273301 138
273301 139
273301 140
273301 141
273301 142
273301 143
273301 144
273301 145
273301 146
273301 147
273301 148
273301 149
273301 150
273301 151
273301 152
273301 153
273301 154
273301 155
273301 156
273301 157
273301 158
273301 159
273301 160
273301 161
273301 162
273301 163
273301 164
273301 165
273301 166
273301 167
273301 168
273301 169
273301 170
273301 171
273301 172
273301 173
273301 174
273301 175
273301 176
273301 177
273301 178
273301 179
273301 180
273301 181
273301 182
273301 183
273301 184
273301 185
273301 186
273301 187
273301 188
273301 189
273301 190
273301 191
273301 192
273301 193
273301 194
273301 195
273301 196
273301 197
273301 198
273301 199
273301 200
273301 201
273301 202
273301 203
273301 204
273301 205
273301 206
273301 207
273301 208
273301 209
273301 210
273301 211
273301 212
273301 213
273301 214
273301 215
273301 216
273301 217
273301 218
273301 219
273301 220
273301 221
273301 222
273301 223
273301 224
273301 225
273301 226
273301 227
273301 228
273301 229
273301 230
273301 231
273301 232
273301 233
273301 234
273301 235
273301 236
273301 237
273301 238
273301 239
273301 240
273301 241
273301 242
273301 243
273301 244
273301 245
273301 246
273301 247
273301 248
273301 249
273301 250
273301 251
273301 252
273301 253
273301 254
273301 255
273301 256
273301 257
273301 258
273301 259
273301 260
273301 261
273301 262
273301 263
273301 264
273301 265
273301 266
273301 267
273301 268
273301 269
273301 270
273301 271
273301 272
273301 273
273301 274
273301 275
273301 276
273301 277
273301 278
273301 279
273301 280
273301 281
273301 282
273301 283
273301 284
273301 285
273301 286
273301 287
273301 288
273301 289
273301 290
273301 291
273301 292
273301 293
273301 294
273301 295
273301 296
273301 297
273301 298
273301 299
273301 300
273301 301
273301 302
273301 303
273301 304
273301 305
273301 306
273301 307
273301 308
273301 309
273301 310
273301 311
273301 312
273301 313
273301 314
273301 315
273301 316
273301 317
273301 318
273301 319
273301 320
273301 321
273301 322
273301 323
273301 324
273301 325
273301 326
273301 327
273301 328
273301 329
273301 330
273301 331
273301 332
273301 333
273301 334
273301 335
273301 336
273301 337
273301 338
273301 339
273301 340
273301 341
273301 342
273301 343
273301 344
273301 345
273301 346
273301 347
273301 348
273301 349
273301 350
273301 351
273301 352
273301 353
273301 354
273301 355
273301 356
273301 357
273301 358
273301 359
273301 360
273301 361
273301 362
273301 363
273301 364
273301 365
273301 366
273301 367
273301 368
273301 369
273301 370
273301 371
273301 372
273301 373
273301 374
273301 375
273301 376
273301 377
273301 378
273301 379
273301 380
273301 381
273301 382
273301 383
273301 384
273301 385
273301 386
273301 387
273301 388
273301 389
273301 390
273301 391
273301 392
273301 393
273301 394
273301 395
273301 396
273301 397
273301 398
273301 399
273301 400
273301 401
273301 402
273301 403
273301 404
273301 405
273301 406
273301 407
273301 408
273301 409
273301 410
273301 411
273301 412
273301 413
273301 414
273301 415
273301 416
273301 417
273301 418
273301 419
273301 420
273301 421
273301 422
273301 423
273301 424
273301 425
273301 426
273301 427
273301 428
273301 429
273301 430
273301 431
273301 432
273301 433
273301 434
273301 435
273301 436
273301 437
273301 438
273301 439
273301 440
273301 441
273301 442
273301 443
273301 444
273301 445
273301 446
273301 447
273301 448
273301 449
273301 450
273301 451
273301 452
273301 453
273301 454
273301 455
273301 456
273301 457
273301 458
273301 459
273301 460
273301 461
273301 462
273301 463
273301 464
273301 465
273301 466
273301 467
273301 468
273301 469
273301 470
273301 471
273301 472
273301 473
273301 474
273301 475
273301 476
273301 477
273301 478
273301 479
273301 480
273301 481
273301 482
273301 483
273301 484
273301 485
273301 486
273301 487
273301 488
273301 489
273301 490
273301 491
273301 492
273301 493
273301 494
273301 495
273301 496
273301 497
273301 498
273301 499
273301 500
273301 501
273301 502
273301 503
273301 504
273301 505
273301 506
273301 507
273301 508
273301 509
273301 510
273301 511
273301 512
273301 513
273301 514
273301 515
273301 516
273301 517
273301 518
273301 519
273301 520
273301 521
273301 522
273301 523
273301 524
273301 525
273301 526
273301 527
273301 528
273301 529
273301 530
273301 531
273301 532
273301 533
273301 534
273301 535
273301 536
273301 537
273301 538
273301 539
273301 540
273301 541
273301 542
273301 543
273301 544
273301 545
273301 546
273301 547
273301 548
273301 549
273301 550
273301 551
273301 552
273301 553
273301 554
273301 555
273301 556
273301 557
273301 558
273301 559
273301 560
273301 561
273301 562
273301 563
273301 564
273301 565
273301 566
273301 567
273301 568
273301 569
273301 570
273301 571
273301 572
273301 573
273301 574
273301 575
273301 576
273301 577
273301 578
273301 579
273301 580
273301 581
273301 582
273301 583
273301 584
273301 585
273301 586
273301 587
273301 588
273301 589
273301 590
273301 591
273301 592
273301 593
273301 594
273301 595
273301 596
273301 597
273301 598
273301 599
273301 600
273301 601
273301 602
273405 1
275286 1
275286 2
275286 3
275286 4
275286 5
275286 6
275286 7
275286 8
275286 9
275286 10
275286 11
275286 12
275286 13
275286 14
275286 15
275286 16
275286 17
275286 18
275286 19
275286 20
275286 21
275286 22
275286 23
275286 24
275286 25
275286 26
275286 27
275286 28
275286 29
275286 30
275286 31
275286 32
275286 33
275286 34
275286 35
275286 36
275286 37
275286 38
275286 39
275286 40
275286 41
275286 42
275286 43
275286 44
275286 45
275286 46
275286 47
275286 48
275286 49
275286 50
275286 51
275286 52
275286 53
275286 54
275286 55
275286 56
275286 57
275286 58
275286 59
275286 60
275286 61
275286 62
275286 63
275286 64
275286 65
275286 66
275286 67
275286 68
275286 69
275286 70
275286 71
275286 72
275286 73
275286 74
275286 75
275286 76
275286 77
275286 78
275286 79
275286 80
275286 81
275286 82
275286 83
275286 84
275286 85
275286 86
275286 87
273425 353
273447 114
273450 215
273450 216
273450 217
273450 218
272818 1
272818 2
272818 3
272818 4
272818 5
272818 6
272818 7
272818 8
272818 9
272818 10
272818 11
272818 12
272818 13
272818 14
272818 15
272818 16
272818 17
272818 18
272818 19
272818 20
272818 21
272818 22
272818 23
272818 24
272818 25
272818 26
272818 27
272818 28
272818 29
272818 30
272818 31
272818 32
272818 33
272818 34
272818 35
272818 36
272818 37
272818 38
272818 39
272818 40
272818 41
272818 42
272818 43
272818 44
272818 45
272818 46
272818 47
272818 48
272818 49
272818 50
272818 51
272818 52
272818 53
272818 54
272818 55
272818 56
272818 57
272818 58
272818 59
272818 60
272818 61
272818 62
272818 63
272818 64
272818 65
272818 66
272818 67
272818 68
272818 69
272818 70
272818 71
272818 72
272818 73
272818 74
272818 75
272818 76
272818 77
272818 78
272818 79
272818 80
272818 81
272818 82
272818 83
272818 84
272818 85
272818 86
272818 87
272818 88
272818 89
272818 90
272818 91
272818 92
272818 93
272818 94
272818 95
272818 96
272818 97
272818 98
272818 99
272818 100
272818 101
272818 102
272818 103
272818 104
272818 105
272818 106
272818 107
272818 108
272818 109
272818 110
272818 111
272818 112
272818 113
272818 114
272818 115
272818 116
272818 117
272818 118
272818 119
272818 120
272818 121
272818 122
272818 123
272818 124
272818 125
272818 126
272818 127
272818 128
272818 129
272818 130
272818 131
272818 132
272818 133
272818 134
272818 135
272818 136
272818 137
272818 138
272818 139
272818 140
272818 141
272818 142
272818 143
272818 144
272818 145
272818 146
272818 147
272818 148
272818 149
272818 150
272818 151
272818 152
272818 153
272818 154
272818 155
272818 156
272818 157
272818 158
272818 159
272818 160
272818 161
272818 162
272818 163
272818 164
272818 165
272818 166
272818 167
272818 168
272818 169
272818 170
272818 171
272818 172
272818 173
272818 174
272818 175
272818 176
272818 177
272818 178
272818 179
272818 180
272818 181
272818 182
272818 183
272818 184
272818 185
272818 186
272818 187
272818 188
272818 189
272818 190
272818 191
272818 192
272818 193
272818 194
272818 195
272818 196
272818 197
272818 198
272818 199
272818 200
272818 201
272818 202
272818 203
272818 204
272818 205
272818 206
272818 207
272818 208
272818 209
272818 210
272818 211
272818 212
272818 213
272818 214
272818 215
272818 216
272818 217
272818 218
272818 219
272818 220
272818 221
272818 222
272818 223
272818 224
272818 225
272818 226
272818 227
272818 228
272818 229
272818 230
272818 231
272818 232
272818 233
272818 234
272818 235
272818 236
272818 237
272818 238
272818 239
272818 240
272818 241
272818 242
272818 243
272818 244
272818 245
272818 246
272818 247
272818 248
272818 249
272818 250
272818 251
272818 252
272818 253
272818 254
272818 255
272818 256
272818 257
272818 258
272818 259
272818 260
272818 261
272818 262
272818 263
272818 264
272818 265
272818 266
272818 267
272818 268
272818 269
272818 270
272818 271
272818 272
272818 273
272818 274
272818 275
272818 276
272818 277
272818 278
272818 279
272818 280
272818 281
272818 282
272818 283
272818 284
272818 285
272818 286
272818 287
272818 288
272818 289
272818 290
272818 291
272818 292
272818 293
272818 294
272818 295
272818 296
272818 297
272818 298
272818 299
272818 300
272818 301
272818 302
272818 303
272818 304
272818 305
272818 306
272818 307
272818 308
272818 309
272818 310
272818 311
272818 312
272818 313
272818 314
272818 315
272818 316
272818 317
272818 318
272818 319
272818 320
272818 321
272818 322
272818 323
272818 324
272818 325
272818 326
272818 327
272818 328
272818 329
272818 330
272818 331
272818 332
272818 333
272818 334
272818 335
272818 336
272818 337
272818 338
272818 339
272818 340
272818 341
272818 342
272818 343
272818 344
272818 345
272818 346
272818 347
272818 348
272818 349
272818 350
272818 351
272818 352
272818 353
272818 354
272818 355
272818 356
272818 357
272818 358
272818 359
272818 360
272818 361
272818 362
272818 363
272818 364
272818 365
272818 366
272818 367
272818 368
272818 369
272818 370
272818 371
272818 372
272818 373
272818 374
272818 375
272818 376
272818 377
272818 378
272818 379
272818 380
272818 381
272818 382
272818 383
272818 384
272818 385
272818 386
272818 387
272818 388
272818 389
272818 390
272818 391
272818 392
272818 393
272818 394
272818 395
272818 396
272818 397
272818 398
272818 399
272818 400
272818 401
272818 402
272818 403
272818 404
272818 405
272818 406
272818 407
272818 408
272818 409
272818 410
272818 411
272818 412
272818 413
272818 414
272818 415
272818 416
272818 417
272818 418
272818 419
272818 420
272818 421
272818 422
272818 423
272818 424
272818 425
272818 426
272818 427
272818 428
272818 429
272818 430
272818 431
272818 432
272818 433
272818 434
272818 435
272818 436
272818 437
272818 438
272818 439
272818 440
272818 441
272818 442
272818 443
272818 444
272818 445
272818 446
272818 447
272818 448
272818 449
272818 450
272818 451
272818 452
272818 453
272818 454
272818 455
272818 456
272818 457
272818 458
272818 459
272818 460
272818 461
272818 462
272818 463
272818 464
272818 465
272818 466
272818 467
272818 468
272818 469
272818 470
272818 471
272818 472
272818 473
272818 474
272818 475
272818 476
272818 477
272818 478
272818 479
272818 480
272818 481
272818 482
272818 483
272818 484
272818 485
272818 486
272818 487
272818 488
272818 489
272818 490
272818 491
272818 492
272818 493
272818 494
272818 495
272818 496
272818 497
272818 498
272818 499
272818 500
272818 501
272818 502
272818 503
272818 504
272818 505
272818 506
272818 507
272818 508
272818 509
272818 510
272818 511
272818 512
272818 513
272818 514
272818 515
272818 516
272818 517
272818 518
272818 519
272818 520
272818 521
272818 522
272818 523
272818 524
272818 525
272818 526
272818 527
272818 528
272818 529
272818 530
272818 531
272818 532
272818 533
272818 534
272818 535
272818 536
272818 537
272818 538
272818 539
272818 540
272818 541
272818 542
272818 543
272818 544
272818 545
272818 546
272818 547
272818 548
272818 549
272818 550
272818 551
272818 552
272818 553
272818 554
272818 555
272818 556
272818 557
272818 558
272818 559
272818 560
272818 561
272818 562
272818 563
272818 564
272818 565
272818 566
272818 567
272818 568
272818 569
272818 570
272818 571
272818 572
272818 573
272818 574
272818 575
272818 576
272818 577
272818 578
272818 579
272818 580
272818 581
272818 582
272818 583
272818 584
272818 585
272818 586
272818 587
272818 588
272818 589
272818 590
272818 591
272818 592
272818 593
272818 594
272818 595
272818 596
272818 597
272818 598
272818 599
272818 600
272818 601
272818 602
272818 603
272818 604
272818 605
272818 606
272818 607
272818 608
272818 609
272818 610
272818 611
272818 612
272818 613
272818 614
272818 615
272818 616
272818 617
272818 618
272818 619
272818 620
273492 283
273492 326
273502 257
273502 319
273502 814
279654 109
281707 983
281707 984
281707 985
281707 986
281707 987
281707 988
281707 989
281707 990
281707 991
281707 992
281707 993
281707 994
281707 995
281707 996
281707 997
281707 998
281707 999
279685 94
279715 475
279715 478
279715 479
279715 481
279715 482
279715 483
279715 484
279715 485
279715 486
279715 487
279715 488
279715 489
279715 490
279715 491
279715 492
279715 493
279715 494
279715 495
279715 496
279715 497
279715 498
279715 499
279715 500
279715 501
279715 502
279715 503
279715 504
279715 505
279715 506
279715 507
279715 508
279715 509
279715 510
279715 512
279715 513
279715 514
279715 515
279715 516
279715 517
279715 518
279715 519
279715 520
279715 521
279715 522
279716 861
279716 862
279716 863
279716 864
279716 865
279716 866
279716 867
279716 868
279716 869
279716 870
279716 871
279716 872
279716 873
279716 874
279716 1529
279760 579
279760 580
279760 581
279760 582
279760 583
279760 584
272936 1
272936 2
272936 3
272936 4
272936 5
272936 6
272936 7
272936 8
272936 9
272936 10
272936 11
272936 12
272936 13
272936 14
272936 15
272936 16
272936 17
272936 18
272936 19
272936 20
272936 21
272936 22
272936 23
272936 24
272936 25
272936 26
272936 27
272936 28
272936 29
272936 30
272936 31
272936 32
272936 33
272936 34
272936 35
272936 36
272936 37
272936 38
272936 39
272936 40
272936 41
272936 42
272936 43
272936 44
272936 45
272936 46
272936 47
272936 48
272936 49
272936 50
272936 51
272936 52
272936 53
272936 54
272936 55
272936 56
272936 57
272936 58
272936 59
272936 60
272936 61
272936 62
272936 63
272936 64
272936 65
272936 66
272936 67
272936 68
272936 69
272936 70
272936 71
272936 72
272936 73
272936 74
272936 75
272936 76
272936 77
272936 78
272936 79
272936 80
272936 81
272936 82
272936 83
272936 84
272936 85
272936 86
272936 87
272936 88
272936 89
272936 90
272936 91
272936 92
272936 93
272936 94
272936 95
272936 96
272936 97
272936 98
272936 99
272936 100
272936 101
272936 102
272936 103
272936 104
272936 105
272936 106
272936 107
272936 108
272936 109
272936 110
272936 111
272936 112
272936 113
272936 114
272936 115
272936 116
272936 117
272936 118
272936 119
272936 120
272936 121
272936 122
272936 123
272936 124
272936 125
272936 126
272936 127
272936 128
272936 129
272936 130
272936 131
272936 132
272936 133
272936 134
272936 135
272936 136
272936 137
272936 138
272936 139
272936 140
272936 141
272936 142
272936 143
272936 144
272936 145
272936 146
272936 147
272936 148
272936 149
272936 150
272936 151
272936 152
272936 153
272936 154
272936 155
272936 156
272936 157
272936 158
272936 159
272936 160
272936 161
272936 162
272936 163
272936 164
272936 165
272936 166
272936 167
272936 168
272936 169
272936 170
272936 171
272936 172
272936 173
272936 174
272936 175
272936 176
272936 177
272936 178
272936 179
272936 180
272936 181
272936 182
272936 183
272936 184
272936 185
272936 186
272936 187
272936 188
272936 189
272936 190
272936 191
272936 192
272936 193
272936 194
272936 195
272936 196
272936 197
272936 198
272936 199
272936 200
272936 201
272936 202
272936 203
272936 204
272936 205
272936 206
272936 207
272936 208
272936 209
272936 210
272936 211
272936 212
272936 213
272936 214
272936 215
272936 216
272936 217
272936 218
272936 219
272936 220
272936 221
272936 222
272936 223
272936 224
272936 225
272936 226
272936 227
272936 228
272936 229
272936 230
272936 231
272936 232
272936 233
272936 234
272936 235
272936 236
272936 237
272936 238
272936 239
272936 240
272936 241
272936 242
272936 243
272936 244
272936 245
272936 246
272936 247
272936 248
272936 249
272936 250
272936 251
272936 252
272936 253
272936 254
272936 255
272936 256
272936 257
272936 258
272936 259
272936 260
272936 261
272936 262
272936 263
272936 264
272936 265
272936 266
272936 267
272936 268
272936 269
272936 270
272936 271
272936 272
272936 273
272936 274
272936 275
272936 276
272936 277
272936 278
272936 279
272936 280
272936 281
272936 282
272936 283
272936 284
272936 285
272936 286
272936 287
272936 288
272936 289
272936 290
272936 291
272936 292
272936 293
272936 294
272936 295
272936 296
272936 297
272936 298
272936 299
272936 300
272936 301
272936 302
272936 303
272936 304
272936 305
272936 306
272936 307
272936 308
272936 309
272936 310
272936 311
272936 312
272936 313
272936 314
272936 315
272936 316
272936 317
272936 318
272936 319
272936 320
272936 321
272936 322
272936 323
272936 324
272936 325
272936 326
272936 327
272936 328
272936 329
272936 330
272936 331
272936 332
272936 333
272936 334
272936 335
272936 336
272936 337
272936 338
272936 339
272936 340
272936 341
272936 342
272936 343
272936 344
272936 345
272936 346
272936 347
272936 348
272936 349
272936 350
272936 351
272936 352
272936 353
272936 354
272936 355
272936 356
272936 357
272936 358
272936 359
272936 360
272936 361
272936 362
272936 363
272936 364
272936 365
272936 366
272936 367
272936 368
272936 369
272936 370
272936 371
272936 372
272936 373
272936 374
272936 375
272936 376
272936 377
272936 378
272936 379
283934 785
283934 786
283934 787
283934 788
283934 789
283934 790
283934 791
283934 792
283934 871
283934 872
283934 873
283934 874
283934 1246
283934 1247
283934 1248
283934 1249
283934 1250
283934 1251
283934 1252
283934 1253
283934 1254
283934 1255
283934 1256
283934 1257
283934 1258
283934 1259
283934 1260
283934 1261
283934 1262
283934 1263
283934 1264
283934 1265
283934 1266
273730 2127
273730 2128
273730 2129
273730 2130
273730 2131
273730 2132
273730 2133
273730 2134
273730 2135
273730 2136
273730 2137
273730 2138
273730 2139
273730 2140
273730 2141
273730 2142
273730 2143
273730 2144
273730 2145
273730 2146
273730 2147
273730 2148
273730 2149
273730 2150
273730 2151
273730 2152
273730 2153
273730 2154
273730 2155
273730 2156
273730 2157
273730 2158
273730 2159
273730 2160
273730 2161
273730 2162
273730 2163
273730 2164
273730 2165
273730 2166
273730 2167
273730 2168
273730 2169
273730 2170
273730 2171
273730 2172
273730 2173
273730 2174
273730 2175
273730 2176
273730 2177
273730 2178
273730 2179
273730 2180
273730 2181
273730 2182
273730 2183
273730 2184
273730 2185
273730 2186
273730 2187
273730 2188
273730 2189
273730 2190
273730 2191
273730 2192
273730 2193
273730 2194
273730 2195
273730 2196
273730 2197
273730 2198
273730 2199
273730 2200
273730 2201
273730 2202
273730 2203
273730 2204
273730 2205
273730 2206
273730 2207
273730 2208
273730 2209
273730 2210
273730 2211
273730 2212
273730 2213
273730 2214
273730 2215
273730 2216
273730 2217
273730 2218
273730 2219
273730 2220
273730 2221
273730 2222
273730 2223
273730 2224
273730 2225
273730 2226
273730 2227
273730 2228
273730 2229
273730 2230
273730 2231
273730 2232
273730 2233
273730 2234
273730 2235
273730 2236
273730 2237
273730 2238
273730 2239
273730 2240
273730 2241
273730 2242
273730 2243
273730 2244
273730 2245
273730 2246
273730 2247
273730 2248
273730 2249
273730 2250
273730 2251
273730 2252
273730 2253
273730 2254
273730 2255
273730 2256
273730 2257
273730 2258
273730 2259
273730 2260
273730 2261
273730 2262
273730 2263
273730 2264
273730 2265
273730 2266
273730 2267
273730 2268
273730 2269
273730 2270
273730 2271
273730 2272
273730 2273
273730 2274
273730 2275
273730 2276
273730 2277
273730 2278
273730 2279
273730 2280
273730 2281
273730 2282
273730 2283
273730 2284
273730 2285
273730 2286
273730 2287
273730 2288
273730 2289
273730 2290
273730 2291
273730 2292
273730 2293
273730 2294
273730 2295
273730 2296
273730 2297
273730 2298
273730 2299
273730 2300
273730 2301
273730 2302
273730 2303
273730 2304
273730 2305
273730 2306
273730 2307
273730 2308
273730 2309
273730 2310
273730 2311
273730 2312
273730 2313
273730 2314
273730 2315
273730 2316
273730 2317
273730 2318
273730 2319
273730 2320
273730 2321
273730 2322
273730 2323
273730 2324
273730 2325
273730 2326
273730 2327
273730 2328
273730 2329
273730 2330
273730 2331
273730 2332
273730 2333
273730 2334
273730 2335
273730 2336
273730 2337
273730 2338
273730 2339
273730 2340
273730 2341
273730 2342
273730 2343
273730 2344
273730 2345
273730 2346
273730 2347
273730 2348
273730 2349
273730 2350
273730 2351
273730 2352
273730 2353
273730 2354
273730 2355
273730 2356
273730 2357
273730 2358
273730 2359
273730 2360
273730 2361
273730 2362
273730 2363
273730 2364
273730 2365
273730 2366
273730 2367
273730 2368
273730 2369
273730 2370
273730 2371
273730 2372
273730 2373
273730 2374
273730 2375
273730 2376
273730 2377
273730 2378
273730 2379
273730 2380
273730 2381
273730 2382
273730 2383
273730 2384
273730 2385
273730 2386
273730 2387
273730 2388
273730 2389
273730 2390
273730 2391
273730 2392
273730 2393
273730 2394
273730 2395
273730 2396
273730 2397
273730 2398
273730 2399
273730 2400
273730 2401
273730 2402
273730 2403
273730 2404
273730 2405
273730 2406
273730 2407
273730 2408
273730 2409
273730 2410
273730 2411
273730 2412
273730 2413
273730 2414
273730 2415
273730 2416
273730 2417
273730 2418
273730 2419
273730 2420
273730 2421
273730 2422
273730 2423
273730 2424
273730 2425
273730 2426
273730 2427
273730 2428
273730 2429
273730 2430
273730 2431
273730 2432
273730 2433
273730 2434
273730 2435
273730 2436
273730 2437
273730 2438
273730 2439
273730 2440
273730 2441
273730 2442
273730 2443
273730 2444
273730 2445
273730 2446
273730 2447
273730 2448
273730 2449
273730 2450
273730 2451
273730 2452
273730 2453
273730 2454
273730 2455
273730 2456
273730 2457
273730 2458
273730 2459
273730 2460
273730 2461
273730 2462
273730 2463
273730 2464
273730 2465
273730 2466
273730 2467
273730 2468
273730 2469
273730 2470
273730 2471
273730 2472
273730 2473
273730 2474
273730 2475
273730 2476
273730 2477
273730 2478
273730 2479
273730 2480
273730 2481
273730 2482
273730 2483
273730 2484
273730 2485
273730 2486
273730 2487
273730 2488
273730 2489
273730 2490
273730 2491
273730 2492
273730 2493
273730 2494
273730 2495
273730 2496
273730 2497
273730 2498
273730 2499
273730 2500
273730 2501
273730 2502
273730 2503
273730 2504
273730 2505
273730 2506
273730 2507
273730 2508
273730 2509
273730 2510
273730 2511
273730 2512
273730 2513
273730 2514
273730 2515
273730 2516
273730 2517
273730 2518
273730 2519
273730 2520
273730 2521
273730 2522
273730 2523
273730 2524
273730 2525
273730 2526
273730 2527
273730 2528
273730 2529
273730 2530
273730 2531
273730 2532
273730 2533
273730 2534
273730 2535
273730 2536
273730 2537
273730 2538
273730 2539
273730 2540
273730 2541
273730 2542
273730 2543
273730 2544
273730 2545
273730 2546
273730 2547
273730 2548
273730 2549
273730 2550
273730 2551
273730 2552
273730 2553
273730 2554
273730 2555
273730 2556
273730 2557
273730 2558
273730 2559
273730 2560
273730 2561
273730 2562
273730 2563
273730 2564
273730 2565
273730 2566
273730 2567
273730 2568
273730 2569
273730 2570
273730 2571
273730 2572
273730 2573
273730 2574
273730 2575
273730 2576
273730 2577
273730 2578
273730 2579
273730 2580
273730 2581
273730 2582
273730 2583
273730 2584
273730 2585
273730 2586
273730 2587
273730 2588
273730 2589
273730 2590
273730 2591
273730 2592
273730 2593
273730 2594
273730 2595
273730 2596
273730 2597
273730 2598
273730 2599
273730 2600
273730 2601
273730 2602
273730 2603
273730 2604
273730 2605
273730 2606
273730 2607
273730 2608
273730 2609
273730 2610
273730 2611
273730 2612
273730 2613
273730 2614
273730 2615
273730 2616
273730 2617
273730 2618
273730 2619
273730 2620
273730 2621
273730 2622
273730 2623
273730 2624
273730 2625
273730 2626
273730 2627
273730 2628
273730 2629
273730 2630
273730 2631
273730 2632
273730 2633
273730 2634
273730 2635
273730 2636
273730 2637
273730 2638
273730 2639
273730 2640
273730 2641
273730 2642
273730 2643
273730 2644
273730 2645
273730 2646
273730 2647
273730 2648
273730 2649
273730 2650
273730 2651
273730 2652
273730 2653
273730 2654
273730 2655
273730 2656
273730 2657
273730 2658
273730 2659
273730 2660
273730 2661
273730 2662
273730 2663
273730 2664
273730 2665
273730 2666
273730 2667
273730 2668
273730 2669
273730 2670
273730 2671
273730 2672
273730 2673
273730 2674
273730 2675
273730 2676
273730 2677
273730 2678
273730 2679
273730 2680
273730 2681
273730 2682
273730 2683
273730 2684
273730 2685
273730 2686
273730 2687
273730 2688
273730 2689
273730 2690
273730 2691
273730 2692
273730 2693
273730 2694
273730 2695
273730 2696
273730 2697
273730 2698
273730 2699
273730 2700
273730 2701
273730 2702
273730 2703
273730 2704
273730 2705
273730 2706
273730 2707
273730 2708
273730 2709
273730 2710
273730 2711
273730 2712
273730 2713
273730 2714
273730 2715
273730 2716
273730 2717
273730 2718
273730 2719
273730 2720
273730 2721
273730 2722
273730 2723
273730 2724
273730 2725
273730 2726
273730 2727
273730 2728
273730 2729
273730 2730
273730 2731
273730 2732
273730 2733
273730 2734
273730 2735
273730 2736
273730 2737
273730 2738
273730 2739
273730 2740
273730 2741
273730 2742
273730 2743
273730 2744
273730 2745
273730 2746
273730 2747
273730 2748
273730 2749
273730 2750
273730 2751
273730 2752
273730 2753
273730 2754
273730 2755
273730 2756
273730 2757
273730 2758
273730 2759
273730 2760
273730 2761
273730 2762
273730 2763
273730 2764
273730 2765
273730 2766
273730 2767
273730 2768
273730 2769
273730 2770
273730 2771
273730 2772
273730 2773
273730 2774
273730 2775
273730 2776
273730 2777
273730 2778
273730 2779
273730 2780
273730 2781
273730 2782
273730 2783
273730 2784
273730 2785
273730 2786
273730 2787
273730 2788
273730 2789
273730 2790
273730 2791
273730 2792
273730 2793
273730 2794
273730 2795
273730 2796
273730 2797
273730 2798
273730 2799
273730 2800
273730 2801
273730 2802
273730 2803
273730 2804
273730 2805
273730 2806
273730 2807
273730 2808
273730 2809
273730 2810
275782 132
279931 629
279931 802
279931 1044
275836 430
275836 1164
275836 1165
275836 1171
275836 1172
275836 1173
275836 1174
275836 1175
275836 1176
275836 1177
275836 1178
275836 1179
275836 1180
275836 1181
275836 1182
275836 1183
279975 191
279975 254
279975 255
279975 282
279975 710
279975 711
279975 712
279975 713
279975 714
279975 715
279975 716
279975 717
279975 718
279975 719
279975 720
279975 721
279975 722
279975 723
279975 724
279975 725
279975 726
279975 727
279975 728
279975 729
279975 730
279975 731
279975 732
279975 733
275886 110
275886 111
275886 112
275886 113
275886 114
275886 115
275886 116
275886 117
275887 1
275887 2
275887 3
275887 4
275887 5
275887 6
275887 7
275887 8
275887 9
275887 10
275887 11
275887 12
275887 13
275887 14
275887 15
275887 16
275887 17
275887 18
275887 19
275887 20
275887 21
275887 22
282037 458
275911 299
275911 355
275918 319
275918 320
275918 321
275918 322
275918 323
275918 324
275918 325
275918 326
275918 327
275918 328
275918 329
275918 330
275918 331
275918 332
275918 333
275918 334
275918 335
275918 336
275918 337
275918 338
275918 339
275918 340
275918 341
275918 342
275918 343
275918 344
275918 345
275918 346
275918 347
280015 40
280015 57
280015 58
280015 555
280015 556
280015 557
280015 558
280015 559
277981 84
277992 261
282092 223
282092 224
282092 225
282092 226
282092 227
282092 228
282092 229
282092 230
282092 231
282092 232
282092 233
282092 234
282092 235
282092 236
282092 237
282092 238
282092 239
282092 240
282092 241
282092 242
282092 243
282092 244
282092 245
282092 246
282092 247
282092 248
282092 249
282092 250
282092 251
282092 252
282092 253
282092 254
282092 255
282092 256
282092 257
282092 258
282092 259
282092 260
282092 261
282092 262
282092 263
282092 264
282092 265
282092 266
282092 267
282092 268
282092 269
282092 270
282092 271
282092 272
282092 273
282092 274
282092 275
282092 276
282092 277
282092 278
282092 279
282092 280
282092 281
282092 282
282092 283
282092 284
282092 285
282092 286
282092 287
282092 288
282092 289
282092 290
282092 291
282092 292
282092 293
282092 294
282092 295
282092 296
282092 297
282092 298
282092 299
282092 300
282092 301
282092 302
282092 303
282092 304
282092 305
282092 306
282092 307
282092 308
282092 309
282092 310
282092 311
282092 312
282092 313
282092 314
282092 315
282092 316
282092 317
282092 318
282092 319
282092 320
282092 321
282092 322
282092 323
282092 324
282092 325
282092 326
282092 327
282092 328
282092 329
282092 330
282092 331
282092 332
282092 333
282092 334
282092 335
282092 336
282092 337
282092 338
282092 339
282092 340
282092 341
282092 342
282092 343
282092 344
282092 345
282092 346
282092 347
282092 348
282092 349
282092 350
282092 351
282092 352
282092 353
282092 354
282092 355
282092 356
282092 357
282092 358
282092 359
282092 360
282092 361
282092 362
282092 363
282092 364
282092 365
282092 366
282092 367
282092 368
282092 369
282092 370
282092 371
282092 372
282092 373
282092 374
282092 375
282092 376
282092 377
282092 378
282092 379
282092 380
282092 381
282092 382
282092 383
282092 384
282092 385
282092 386
282092 387
282092 388
282092 389
282092 390
282092 391
282092 392
282092 393
282092 394
282092 395
282092 396
282092 397
282092 398
282092 399
282092 400
282092 401
282092 402
282092 403
282092 404
282092 405
282092 406
282092 407
282092 408
282092 409
282092 410
282092 411
282092 412
282092 413
282092 414
282092 415
282092 416
282092 417
282092 418
282092 419
282092 420
282092 421
282092 422
282092 423
282092 424
282092 425
282092 426
282092 427
282092 428
282092 429
282092 430
282092 431
282092 432
282092 433
282092 434
282092 435
282092 436
282092 437
282092 438
282092 439
282092 440
282092 441
282092 442
282092 443
282092 444
282092 445
282092 446
282092 447
282092 448
282092 449
282092 450
282092 451
282092 452
282092 453
282092 454
282092 455
282092 456
282092 457
282092 458
282092 459
282092 460
282092 461
282092 462
282092 463
282092 464
282092 465
282092 466
282092 467
282092 468
282092 469
282092 470
282092 471
282092 472
282092 473
282092 474
282092 475
282092 476
282092 477
282092 478
282092 479
282092 480
282092 481
282092 482
282092 483
282092 484
282092 485
282092 486
282092 487
282092 488
282092 489
282092 490
282092 491
282092 492
282092 493
282092 494
282092 495
282092 496
282092 497
282092 498
282092 499
282092 500
282092 501
282092 502
282092 503
282092 504
282092 505
282092 506
282092 507
282092 508
282092 509
282092 510
282092 511
282092 512
282092 513
282092 514
282092 515
282092 516
282092 517
282092 518
282092 519
282092 520
282092 521
282092 522
282092 523
282092 524
282092 525
282092 526
282092 527
282092 528
282092 529
282092 530
282092 531
282092 532
282092 533
282092 534
282092 535
282092 536
282092 537
282092 538
282092 539
282092 540
282092 541
282092 542
282092 543
282092 544
282092 545
282092 546
282092 547
282092 548
282092 549
282092 550
282092 551
282092 552
282092 553
282092 554
282092 555
282092 556
282092 557
282092 558
282092 559
282092 560
282092 561
282092 562
282092 563
282092 564
282092 565
282092 566
282092 567
282092 568
282092 569
282092 570
282092 571
282092 572
282092 573
282092 574
282092 575
282092 576
282092 577
282092 578
282092 579
282092 580
282092 581
282092 582
282092 583
282092 584
282092 585
282092 586
282092 587
282092 588
282092 589
282092 590
282092 591
282092 592
282092 593
282092 594
282092 595
282092 596
282092 597
282092 598
282092 599
282092 600
282092 601
282092 602
282092 603
282092 604
282092 605
282092 606
282092 607
282092 608
282092 609
282092 610
282092 611
282092 612
282092 613
282092 614
282092 615
282092 616
282092 617
282092 618
282092 619
282092 620
282092 621
282092 622
282092 623
275963 140
278017 98
278017 214
278017 513
278018 264
280191 782
278167 1661
278240 65
278240 66
278240 67
278240 68
278240 69
278240 114
272774 98
272774 99
272774 100
272774 101
272774 102
272774 103
272774 104
272774 105
272774 106
272774 107
272774 108
272774 109
272774 110
278289 43
276243 16
276243 17
280349 248
280349 249
280349 250
280349 251
278308 217
278308 218
278308 1201
278308 1202
278308 1203
278308 1204
278308 1205
278308 1206
278308 1207
278308 1208
278308 1209
278308 1210
278308 1211
278308 1212
278308 1213
278308 1214
278308 1215
278308 1216
278308 1849
278308 1850
278308 1851
278308 1852
278308 1853
278308 1854
278308 1855
278308 1856
278308 1857
278308 1858
278308 1859
278308 1860
278308 1861
278308 1862
278308 1863
278308 1864
278308 1865
278308 1866
278308 1867
278308 1868
278308 1869
278308 1870
278308 1871
278308 1872
278308 1873
278308 1874
278308 1875
280364 620
276282 535
276282 536
274240 41
278345 501
278345 502
278349 402
278349 613
278349 614
278349 615
278349 616
278349 617
278349 618
278349 619
278349 620
278349 621
278349 622
278349 623
278349 624
278349 625
278349 626
278349 627
278349 628
278349 629
276315 38
276315 39
276315 176
276315 177
276318 104
276318 105
273725 253
278406 361
276361 209
276361 801
276363 239
276363 240
276363 241
276437 225
276437 226
276437 1075
276437 2191
