148862 891
148862 911
148862 910
148862 892
148862 912
148862 901
148862 909
148862 902
148862 859
148862 879
148862 873
148862 860
148862 881
148862 874
148862 880
148862 882
148862 680
147451 356
147755 56
147451 361
147451 359
147755 59
147451 360
147755 52
147451 355
147755 50
147755 60
147755 49
147755 55
147451 362
147755 51
147929 395
147929 402
147926 229
147927 53
147926 232
147929 405
147927 57
147929 401
147927 52
147929 397
147926 233
147929 404
147926 230
147927 56
147927 55
147929 396
147926 231
147927 59
147926 234
147927 54
147929 403
147926 228
147927 58
147926 235
148031 418
148031 417
148862 923
148862 929
148862 928
148862 930
148862 925
148862 924
148862 927
148862 926
147927 68
147452 81
147929 351
147929 581
147929 568
147927 72
147929 569
147452 79
147929 347
147929 577
147927 71
147452 82
147929 350
147929 575
147927 75
147929 346
147929 576
147929 571
147927 70
147452 76
147452 83
147929 353
147929 349
147929 574
147927 74
147929 583
147929 570
147452 77
147929 566
147929 348
147929 573
147927 69
147452 80
147929 582
147929 352
147927 73
147452 78
147929 565
147929 567
147929 572
147929 118
147929 553
147929 176
147929 113
147929 548
147929 551
147929 180
147929 546
147929 117
147929 552
147929 112
147929 115
147929 550
147929 116
147929 119
147929 177
147929 114
147929 549
147929 181
147929 547
147206 210
147206 203
147206 204
147206 211
147206 208
147206 205
147206 209
147206 207
147927 131
147927 130
148862 827
148862 833
148862 834
148862 829
148862 828
148862 837
148862 830
148862 838
147929 197
147929 200
147929 196
147929 199
147929 195
147929 198
147929 194
147929 201
147926 423
147926 420
147926 421
147926 424
147926 417
147926 422
147926 425
147926 416
147926 225
147926 223
147452 45
147926 220
147926 226
147452 48
147926 221
147926 227
147452 49
147926 224
147926 222
147926 124
147926 122
147926 118
147926 123
147926 119
147926 121
147926 117
147926 120
147929 490
147929 485
147929 489
147929 487
147929 488
147929 491
147114 211
147929 486
147929 492
147755 29
147451 299
147755 25
147451 317
147755 28
147451 316
147755 31
147451 301
147755 32
147451 315
147755 30
147451 306
147451 300
147755 26
147451 318
147755 27
148862 794
148862 783
148862 789
148862 790
148862 785
148862 784
148862 793
148862 786
147754 522
147754 517
147754 518
147754 520
147926 371
147926 351
147754 519
147754 521
147754 513
147926 352
147926 353
147926 370
147754 516
147926 350
147451 404
147451 379
147451 403
147451 388
147451 378
147451 387
147451 377
147451 380
147451 247
147754 442
147451 248
147754 439
147451 231
147754 443
147451 232
147451 230
147754 444
147754 438
147754 440
147754 437
147754 441
147451 229
148031 358
147929 523
148031 440
148031 445
147929 526
148031 437
148031 448
148031 353
147929 522
147929 529
148031 443
148031 442
148031 357
147929 525
148031 436
148031 352
148031 447
147929 528
148031 356
148031 435
148031 441
147929 524
148031 439
148031 450
148031 355
148031 446
148031 351
148031 444
148031 438
148031 354
147929 527
148031 449
148953 112
148953 101
148953 102
148953 103
148953 109
148953 110
148953 111
148953 104
148953 113
148953 114
148953 120
148953 115
148953 116
148953 117
148953 118
148953 119
147926 259
147451 186
147929 83
147451 181
147929 80
147929 76
147451 133
147754 547
147926 256
147926 254
147451 180
147451 185
147926 261
147929 82
147451 132
147929 79
147754 544
147926 257
147451 137
147926 255
147451 183
147754 542
147754 548
147451 184
147451 179
147451 135
147926 258
147929 78
147754 545
147451 136
147451 131
147451 182
147754 543
147754 549
147929 81
147926 260
147451 134
147929 77
147451 130
147754 546
147206 52
147206 49
147206 50
147206 53
147206 56
147206 54
147206 51
147206 55
147452 47
147929 234
147926 443
147926 468
147929 231
147926 469
147926 451
147929 235
147929 236
147929 230
147926 452
147926 450
147929 233
147929 237
147926 442
147926 453
147929 232
147451 142
147451 147
147451 144
147451 138
147451 140
147451 143
147451 141
147451 139
148031 412
147929 499
148031 411
147929 495
148031 415
147929 498
148031 410
147929 494
148031 414
147929 497
147929 493
148031 409
147929 496
148031 413
148031 416
147929 503
147929 618
147929 617
147926 505
147926 492
148031 400
148031 399
147926 493
148031 396
148031 397
148031 398
147926 518
147926 490
148031 395
147926 504
148031 393
147926 519
147926 491
148031 394
147929 253
147929 261
147929 361
147929 256
147929 259
147929 359
147929 252
147929 365
147929 260
147929 360
147929 263
147929 258
147929 358
147929 364
147929 262
147929 257
147926 364
147926 365
147926 368
147926 366
147926 362
147926 369
147926 367
147926 363
147929 91
148862 752
148862 768
147755 15
147755 16
148862 751
147755 11
147929 90
147755 14
147929 87
147929 86
147755 10
147755 13
147755 9
148862 767
147755 12
147927 152
147926 461
147926 457
147926 462
147926 458
147926 463
147926 459
147926 460
147926 456
148862 763
148862 769
148862 762
148862 770
148862 759
148862 764
148862 761
148862 760
148862 693
148862 692
148862 695
148862 694
148862 689
148862 691
148862 690
148862 696
147451 327
147451 326
147451 323
147451 328
147451 325
147451 322
147451 324
147451 321
147929 336
147929 19
147929 279
147929 278
147929 21
147929 24
147929 337
147929 20
147929 335
147929 23
147929 331
147929 334
147929 332
147929 18
147929 264
147929 330
147929 17
147929 22
147929 265
147929 333
148862 730
148862 725
148862 727
148862 701
148862 726
148862 702
148862 729
148862 728
147926 333
147926 176
147926 339
147929 354
147929 96
147929 103
147926 340
147929 363
147926 184
147926 177
147926 133
147926 334
147929 102
147929 99
147926 341
147929 362
147929 100
147926 172
147926 335
147929 357
147926 134
147929 98
147929 356
147926 332
147929 355
147929 101
147926 179
147926 338
147929 97
147926 166
147926 515
147927 4
147929 592
148031 466
147926 315
147926 474
147929 588
148031 460
147926 516
147927 1
147926 316
147926 481
148031 465
147926 479
147926 512
148031 459
147926 322
147926 475
147926 517
147927 7
147926 520
147926 317
147929 591
147926 476
147926 513
148031 458
147926 323
147929 587
147929 594
148031 464
147927 8
147927 3
147926 521
147927 5
147929 590
147926 477
148031 468
147926 320
147927 6
147926 514
147929 593
148031 467
147926 314
147927 2
147929 589
147926 321
147926 480
147926 478
147114 200
147114 197
147114 199
147114 198
147114 193
147114 192
147114 195
147114 194
148862 771
148862 777
148862 776
148862 778
148862 773
148862 772
148862 775
148862 774
148031 375
148031 374
148031 381
148031 376
148031 380
147206 167
147206 170
147206 163
147206 160
147206 161
147206 168
147206 169
147206 162
147926 329
147926 326
147926 327
147926 330
147926 324
147926 331
147926 325
147926 328
147926 162
147926 167
147754 413
147926 163
147926 164
147754 405
147926 160
147754 414
147754 411
147926 165
147926 161
147754 406
147754 408
147754 407
147754 412
147926 168
147926 72
147452 59
147452 65
147452 61
147452 64
147452 62
147452 58
147452 63
147452 60
147927 115
147927 114
147927 113
147927 117
147927 112
147927 116
147927 110
147927 111
147929 228
147929 215
147929 227
147929 214
147929 221
147929 226
147929 220
147929 229
147206 222
147206 223
147206 226
147206 225
147206 227
147206 228
147206 224
147206 229
147206 21
147206 24
147206 17
147929 584
147929 579
147929 585
147929 385
147206 18
147929 384
147206 22
147929 578
147206 19
147929 383
147206 20
147929 580
147206 23
147754 433
147754 434
147754 431
147754 430
147754 435
147754 436
147754 432
147754 429
147451 320
147451 314
147451 309
147451 339
147926 282
148031 386
148031 392
148031 382
147926 283
148031 389
147451 341
147926 287
147451 313
147451 337
148031 387
147451 311
147451 340
147451 312
148031 390
147451 338
147926 285
147926 284
147451 319
147926 289
147451 310
147451 343
148031 388
148031 391
147926 288
147926 286
147451 342
147451 344
148862 922
148862 832
148862 797
148862 831
148862 869
148862 798
148862 921
148862 870
147927 90
147927 85
147927 89
147927 93
147927 84
147927 88
147927 92
147927 91
147451 277
147926 267
147451 284
147451 283
147451 281
147451 279
147451 282
147926 262
147451 280
147926 263
147451 278
147926 266
147451 276
147451 270
147451 266
147451 275
147451 269
147451 265
147451 274
147451 273
147929 449
147929 447
147929 448
147929 443
147929 446
147929 442
147929 445
147929 444
147926 408
147926 413
147926 409
147926 414
147926 410
147926 415
147926 411
147926 412
148031 462
148031 463
148862 737
148862 736
148862 739
148862 738
148862 733
148862 735
148862 734
148862 740
148862 917
148862 916
148862 919
148862 918
148862 913
148862 915
148862 914
148862 920
148862 716
148862 719
148862 718
148862 713
148862 715
148862 714
148862 720
148862 717
148862 876
148862 878
148862 884
148862 872
148862 875
148862 883
148862 871
148862 877
147206 123
147206 117
147206 120
147206 121
147206 118
147206 129
147206 119
147206 122
147206 2
147206 5
147206 8
147206 6
147206 3
147206 7
147206 4
147206 1
147451 246
147451 254
147451 253
147451 250
147451 245
147451 251
147451 249
147451 252
147452 69
147926 204
147452 75
147926 205
147926 208
147926 203
147206 185
147452 67
147206 182
147452 68
147926 206
147206 183
147206 186
147206 179
147926 207
147206 180
147452 66
147452 70
147926 202
147452 74
147206 181
147206 184
147452 71
147926 201
148862 812
148862 821
148862 814
148862 822
148862 811
148862 805
148862 813
148862 806
147114 191
147114 190
147114 189
147451 455
147451 457
147451 462
147451 456
147451 459
147451 461
147451 460
147451 458
147929 219
147929 211
147929 218
147929 210
147929 217
147929 213
147929 216
147929 212
147451 225
147451 389
147451 294
147451 390
147451 261
147451 255
147451 224
147451 233
147451 236
147451 234
147451 260
147451 293
147451 393
147451 297
147451 256
147451 396
147451 307
147451 391
147451 257
147451 392
147451 308
147451 226
147451 259
147451 298
147451 262
147451 295
147451 395
147451 394
147451 296
147451 223
147451 258
147451 235
147206 149
147206 145
147206 150
147206 146
147206 151
147206 147
147206 148
147206 144
147754 400
147927 41
147754 398
147451 489
147754 401
147451 492
147754 399
147451 487
147927 43
147451 488
147451 486
147754 402
147451 491
147927 42
147754 403
147451 490
147451 485
147754 397
147754 404
147926 77
147929 479
147929 530
147929 537
147926 83
147929 480
147929 475
147926 198
147929 533
147926 84
147926 194
147929 484
147929 536
147926 80
147926 78
147929 474
147926 199
147929 532
147929 483
147929 481
147926 195
147926 81
147926 79
147926 196
147929 482
147929 535
147929 531
147926 197
147926 82
147926 200
147926 193
147929 534
147926 180
147929 11
147926 174
147929 14
147929 111
147926 170
147929 10
147929 107
147926 175
147929 13
147929 110
147926 171
147929 9
147929 106
147929 16
147929 12
147929 109
147926 178
147929 105
147926 173
147929 108
147926 169
147929 15
147929 104
147114 203
147114 209
147114 202
147114 205
147114 204
147114 210
147114 207
147114 206
148862 684
148862 687
148862 686
148862 681
148862 683
148862 682
148862 688
148862 685
147755 48
147754 561
147755 34
147754 559
147754 565
147755 46
147754 562
147755 33
147755 45
147754 563
147755 39
147755 40
147754 560
147754 558
147754 564
147755 47
147929 184
147929 343
147929 339
147929 342
147929 183
147929 338
147929 179
147929 345
147929 175
147929 341
147929 182
147929 178
147929 344
147929 185
147929 174
147929 340
147754 576
147926 183
147754 580
147754 589
147754 588
147754 577
147926 182
147754 581
147754 584
147754 585
147926 181
147926 546
148953 141
147929 190
147754 592
148953 124
147929 193
147929 189
148953 121
148953 122
147929 192
147929 187
147926 127
147754 590
147929 188
147929 191
147926 548
148953 123
147926 547
147929 186
147754 591
147451 410
147451 411
147451 414
147451 413
147451 407
147451 408
147451 409
147451 412
147929 554
147929 510
147929 126
147929 509
147929 556
147929 555
147929 511
147929 127
147114 226
147114 212
147451 475
147754 499
147754 504
147755 54
147451 478
147754 512
147754 503
147451 474
147754 505
147754 500
147451 477
147451 473
147754 501
147755 53
147451 476
147451 471
147755 57
147451 472
147755 58
147754 502
147754 389
147754 394
147754 395
147754 390
147754 392
147754 391
147754 396
147754 393
148862 780
148862 704
148862 782
148862 765
148862 779
148862 703
148862 766
148862 781
147929 56
147929 453
147451 210
147929 455
147929 52
147929 58
147929 456
147929 452
147451 213
147451 209
147929 55
147451 212
147929 59
147929 57
147929 54
147451 215
147929 451
147451 216
147929 454
147451 211
147929 457
147929 450
147929 53
147451 214
148862 723
148862 724
147929 382
148031 453
148031 456
147929 387
148031 452
147929 390
147929 389
147929 386
148031 451
148031 455
147929 392
147929 391
148031 454
147929 388
148031 457
148031 461
147206 90
147450 167
147206 93
147206 96
147206 94
147206 91
147206 97
147206 95
147206 92
148862 792
148862 791
148862 787
148862 788
147451 148
147451 155
147451 156
147451 150
147451 158
147451 149
147451 157
148953 139
148953 137
148953 138
148953 140
147206 68
147451 417
147451 418
147206 69
147206 72
147451 416
147206 73
147206 70
147451 421
147206 66
147451 422
147451 415
147206 71
147206 67
147451 420
147451 419
148953 107
148953 106
148953 105
148953 108
147929 541
147929 540
147929 545
147929 543
147929 539
147929 542
147929 544
147929 538
148862 826
148862 820
148862 809
148862 817
148862 810
148862 819
148862 825
148862 818
147206 61
147206 64
147206 57
147206 62
147206 58
147206 63
147206 59
147206 60
147929 42
147754 550
147929 38
147754 556
147754 557
147754 555
147929 41
147754 551
147929 33
147927 27
147929 40
147754 553
147927 29
147927 31
147754 552
147452 46
147927 26
147927 30
147929 43
147754 554
147929 39
147927 28
147929 46
147927 32
147927 25
147926 290
147926 295
147926 291
147926 292
147926 293
147926 296
147926 297
147926 294
147929 426
147926 377
147929 305
147926 374
147929 301
147929 608
147929 603
147929 428
147929 425
147929 304
147926 375
147926 378
147929 303
147929 300
147929 602
147929 604
147926 372
147926 379
147929 307
147929 595
147929 610
147929 430
147926 373
147929 427
147929 429
147926 376
147929 306
147929 302
147929 609
147206 173
147206 174
147206 172
147206 102
147206 176
147206 98
147206 177
147206 106
147206 99
147206 178
147206 100
147206 107
147206 175
147206 171
147206 108
147206 101
147929 298
147929 95
148031 420
147929 294
147927 105
148031 419
147927 109
147929 297
148031 426
147929 94
148031 423
147929 293
147927 104
147927 108
147929 296
147927 103
147929 93
148031 422
147929 292
148031 425
147927 107
147929 89
147929 85
147927 102
147929 92
147929 299
148031 424
147927 106
147929 88
148031 421
147929 295
147929 84
147929 308
147929 440
147451 189
147929 439
147929 438
147929 437
147451 188
147929 436
147929 317
147929 315
147929 435
147451 193
147451 187
147929 314
147929 441
147929 434
147929 316
147451 190
147929 309
147451 194
147926 436
147754 478
147929 254
147755 69
147927 124
147929 312
147451 499
147451 493
147929 250
147755 65
147754 475
147929 321
147754 481
147927 123
147929 246
147926 437
147754 479
147926 435
147755 68
147926 440
147929 319
147755 63
147451 498
147929 249
147755 64
147929 251
147927 122
147929 320
147754 476
147754 482
147926 441
147929 318
147926 438
147451 495
147929 248
147927 119
147451 497
147926 439
147754 477
147929 310
147755 70
147927 121
147451 500
147451 494
147929 255
147927 125
147929 313
147451 496
147926 434
147754 480
147929 311
147927 120
147927 118
147929 247
147927 62
147755 17
147927 65
147927 66
147927 61
147755 23
147755 24
147927 64
147755 18
147927 60
147755 21
147755 22
147927 63
147927 67
147755 19
147755 20
148862 897
148862 899
148862 898
148862 904
148862 893
148862 894
148862 900
148862 903
147926 215
147926 214
147926 212
147926 209
147926 210
147926 213
147926 216
147926 211
147451 358
147451 357
147755 7
147755 43
147929 612
147929 607
147755 8
147755 3
147755 6
147755 42
147929 606
147755 37
147755 2
147929 615
147929 611
147755 36
147755 5
147755 41
147929 614
147755 1
147755 44
147755 4
147929 613
147755 35
147929 616
147755 38
147754 470
147206 138
147754 472
147754 471
147754 485
147754 488
147754 484
147754 467
147754 473
147754 468
147754 483
147754 487
147754 474
147754 489
147754 490
147754 486
147754 469
147926 418
147926 399
147926 400
147926 395
147926 419
147926 307
147926 312
147926 396
147926 392
147926 253
147926 401
147926 313
147926 397
147926 393
147926 252
147926 390
147926 311
147926 398
147926 310
147926 306
147926 391
147926 394
147206 115
147206 116
147206 109
147206 112
147206 113
147206 110
147206 111
147206 114
148031 348
147929 146
147929 135
147927 129
147927 133
147927 127
147929 134
147927 128
147927 132
147927 126
148031 349
147927 135
147929 147
147927 134
147206 65
147114 225
147114 223
147114 224
147206 75
147206 76
147206 77
147206 80
147206 81
147206 78
147206 74
147206 79
147929 170
147927 49
147929 166
147929 173
147929 142
147927 47
147929 149
147929 169
147927 48
147929 145
147929 172
147929 141
147927 46
147929 148
147929 168
147927 51
147929 144
147929 140
147927 45
147927 50
147929 171
147929 167
147929 143
147927 44
147754 511
147754 427
147754 422
147754 419
147754 424
147754 574
147754 423
147754 428
147754 416
147754 425
147754 575
147754 415
147754 420
147754 568
147754 417
147754 572
147754 421
147754 510
147754 426
147754 569
147754 573
147754 418
147452 50
147929 325
147926 273
147926 271
147452 54
147926 272
147929 328
147452 51
147929 324
147926 268
147452 55
147926 264
147926 269
147929 327
147926 265
147452 52
147929 323
147452 56
147452 57
147929 326
147926 270
147452 53
147929 322
147929 329
147206 127
147926 454
147926 444
147206 164
147206 124
147926 455
147926 445
147206 165
147206 125
147206 128
147926 448
147926 446
147206 166
147206 126
147926 449
147926 447
148031 368
148031 373
148031 370
148031 377
148031 371
148031 367
148031 372
148031 369
147929 433
147929 431
147929 418
147929 432
147929 421
147929 417
147929 420
147929 419
147206 27
147206 31
147754 541
147754 531
147206 28
147754 532
147206 25
147754 538
147206 29
147206 32
147754 533
147206 26
147206 30
147754 539
147754 540
147929 29
147929 25
147929 28
147926 146
147926 145
147926 151
147929 31
147926 147
147929 32
147929 27
147926 148
147929 30
147926 150
147926 144
147929 26
147926 149
147926 430
147929 412
147926 433
147926 136
147926 427
147926 244
147926 251
147929 410
147926 140
147926 431
147926 137
147926 245
147926 248
147926 135
147926 138
147926 246
147929 409
147926 141
147926 428
147929 416
147929 407
147926 142
147926 249
147926 432
147926 139
147926 426
147926 247
147929 408
147926 250
147929 411
147926 429
147929 406
148031 385
148031 384
148031 383
147929 515
147929 502
147929 514
147929 521
147929 517
147929 513
147929 516
147929 512
147926 187
147929 69
147926 304
147926 302
147926 188
147929 72
147926 298
147929 68
147926 305
147926 303
147926 189
147926 299
147926 185
147929 75
147926 300
147929 71
147926 192
147926 190
147929 74
147926 301
147926 186
147929 70
147926 191
147929 73
147451 375
147451 398
147451 376
147451 332
147451 371
147451 237
147451 400
147926 95
147451 374
147451 385
147451 335
147451 242
147451 397
147451 331
147451 406
147451 334
147451 373
147451 239
147451 402
147451 243
147451 336
147451 330
147451 241
147926 93
147451 372
147451 244
147451 238
147451 405
147451 399
147451 333
147451 240
147451 401
147451 386
147451 329
147926 96
147926 94
147929 275
147926 87
147929 274
147926 90
147929 281
147926 485
147929 122
147926 488
148031 404
147929 277
147929 131
147926 91
148031 403
147929 280
147929 121
147926 489
148031 407
147929 276
147926 486
147929 130
147926 92
147926 85
147926 482
147926 88
148031 402
147929 120
148031 406
147929 283
147926 487
147929 129
147926 483
147926 89
147926 86
148031 401
147929 282
147926 484
147929 128
147929 123
148031 408
148031 405
147451 466
147451 469
147451 463
147451 465
147451 468
147451 464
147451 467
147451 470
147926 359
147926 357
147926 354
147926 360
147926 356
147926 361
147926 358
147926 355
147206 137
147206 134
147206 130
147206 135
147206 131
147206 132
147206 133
147206 136
148862 705
148862 707
148862 706
148862 712
148862 709
148862 708
148862 711
148862 710
147755 74
147926 506
147926 280
147926 502
147926 279
147926 510
147926 281
147926 503
147926 278
147755 73
147926 274
147926 276
147926 511
147926 507
147755 71
147755 62
147755 72
147755 67
147926 275
147926 508
147755 66
147755 61
147926 509
147926 277
147114 222
147114 217
147114 216
147114 219
147114 218
147114 215
147114 221
147114 220
147929 208
147929 204
147929 7
147929 3
147929 6
147929 207
147929 2
147929 203
147929 5
147929 206
147929 1
147929 8
147929 202
147929 209
147929 4
147929 205
147929 377
147929 378
147929 374
147929 381
147929 376
147929 380
147929 379
147929 375
148862 795
148862 801
148862 803
148862 802
148862 808
148862 796
148862 804
148862 807
148862 847
148862 853
148862 855
148862 854
148862 849
148862 848
148862 850
148862 856
147206 9
147206 14
147206 10
147206 15
147206 11
147206 12
147206 13
147206 16
147927 101
147927 96
147927 95
147927 100
147927 99
147927 94
147927 98
147927 97
147451 481
147451 484
147451 383
147929 154
147929 156
147929 152
147929 153
147451 381
147451 483
147451 384
147451 382
147929 155
147929 157
147451 482
147929 150
147929 151
147754 383
147927 16
147927 10
147754 378
147754 409
147927 14
147754 384
147927 9
147754 410
147754 386
147754 385
147927 12
147927 13
147927 15
147927 11
148953 132
148953 133
148953 134
148953 135
148953 129
148953 130
148953 136
148953 131
147206 82
147206 87
147206 83
147206 84
147206 85
147206 88
147206 89
147206 86
147451 526
147451 528
147451 513
147451 525
147451 516
147451 515
147451 527
147451 514
148862 844
148862 800
148862 835
148862 840
148862 843
148862 799
148862 836
148862 839
148031 427
147451 219
148031 431
148031 433
147451 272
147451 228
147451 222
147451 218
148031 430
148031 432
147451 227
147451 221
147451 217
147451 268
147451 263
148031 429
147451 264
147451 220
148031 434
147451 271
148031 428
147451 267
147755 77
147755 76
147755 78
147755 79
147755 80
147755 75
148031 361
148031 365
148031 360
148031 364
148031 363
148031 362
148031 359
148031 366
148862 905
148862 906
148862 907
148862 908
148862 935
148862 858
148862 863
148862 857
148862 864
147926 308
147927 34
147927 23
147927 20
147927 37
147927 40
147927 38
147927 24
147927 19
147926 336
147926 309
147927 33
147927 22
147927 18
147927 36
147926 337
147926 318
147927 17
147927 39
147927 35
147927 21
147926 319
147451 292
147451 163
147451 288
147451 164
147451 291
147451 165
147451 170
147451 167
147451 290
147451 289
147451 287
147451 166
147451 168
147451 169
147451 286
147451 285
148862 885
148862 841
148862 887
148862 861
148862 886
148862 842
148862 862
148862 888
147926 218
147754 460
147754 466
147929 49
147926 219
147754 461
147929 47
147754 464
147929 48
147754 462
147926 217
147754 459
147754 465
147754 463
147206 215
147206 218
147206 219
147206 220
147206 216
147206 221
147206 217
147206 214
147929 564
147929 562
147929 223
147929 557
147929 225
147929 561
147929 222
147929 559
147929 224
147929 560
147929 563
147929 558
147926 536
147926 537
147926 534
147926 530
147926 535
147926 531
147926 532
147926 533
147929 267
147929 371
147929 422
147929 400
147929 398
147929 367
147929 266
147929 273
147929 370
147929 269
147929 366
147929 373
147929 424
147929 393
147929 394
147929 272
147929 369
147929 399
147929 268
147929 372
147929 368
147929 423
147929 271
147929 270
147929 285
147929 139
147754 493
147929 290
147929 284
147929 138
147929 125
147754 496
147754 494
147929 289
147929 137
147929 124
147754 491
147754 497
147929 287
147929 133
147754 495
147929 288
147929 136
147929 286
147929 132
147754 492
147754 498
147929 291
147926 131
147754 528
147926 143
147926 132
147754 526
147926 128
147926 126
147754 523
147754 527
147926 129
147929 599
147929 598
147929 605
147929 601
147929 596
147754 524
147929 597
147929 586
147926 130
147754 529
147754 525
147926 125
147754 530
147929 600
147926 237
147926 238
147926 241
147926 242
147926 239
147926 243
147926 236
147926 240
147451 353
147451 347
147926 114
147451 352
147451 346
147926 109
147926 115
147926 116
147451 345
147926 112
147926 110
147451 354
147451 348
147926 113
147926 111
147451 351
147929 464
148862 896
147929 460
148862 890
148862 889
147926 382
147926 406
147926 402
147929 463
147926 383
147929 459
147926 407
147926 403
147929 462
147929 458
147926 404
147929 465
147929 461
148862 895
147926 405
147926 108
147926 101
147926 104
147926 105
147926 102
147926 103
147926 106
147926 107
147206 212
147206 213
148862 931
147929 243
147929 239
148862 932
147929 242
147929 238
148862 933
147929 245
148862 722
148862 731
147929 241
148862 732
148862 721
147929 244
148862 934
147929 240
147206 140
147206 142
147206 141
147206 139
147206 104
147206 103
147206 143
147206 105
147929 471
147929 467
147929 470
147929 466
147929 473
147929 469
147929 472
147929 468
148031 345
147926 97
147926 100
148031 344
147926 76
147926 98
148031 379
148031 347
148031 378
147926 75
147926 99
147926 74
147926 73
148031 346
147114 214
147114 201
147114 196
147114 208
147114 188
147114 213
147927 144
147927 148
147929 45
147929 50
147929 34
147927 147
147927 151
147929 44
147927 146
147929 36
147927 150
147927 145
147929 51
147927 149
147929 37
147929 35
147451 532
147754 583
147451 204
147754 570
147451 207
147451 531
147451 529
147754 571
147451 203
147451 530
147451 206
147451 146
147451 208
147451 202
147754 567
147754 578
147754 566
147754 582
147451 205
147451 145
147451 201
147754 579
148862 748
148862 757
148862 756
148862 758
148862 747
148862 753
148862 755
148862 754
147926 343
147926 152
147927 138
147926 346
147927 142
147926 157
147927 76
147926 153
147927 81
147926 347
147927 137
147927 79
147926 348
147927 141
147926 158
147927 80
147926 344
147926 154
147927 136
147927 78
147926 349
147927 140
147926 159
147927 83
147926 345
147926 342
147926 155
147927 139
147927 143
147926 156
147927 77
147927 82
147206 193
147206 191
147206 194
147206 34
147206 37
147206 40
147206 36
147206 188
147206 35
147206 39
147206 189
147206 192
147206 38
147206 190
147206 33
147206 187
147451 367
147451 365
147754 587
148031 350
147451 366
148031 343
147451 363
147451 370
147451 369
148031 342
147451 364
147754 586
147451 368
149063 59
147452 85
147452 84
147929 413
147929 478
147929 415
147929 501
147929 477
147929 500
147929 476
147929 414
148862 699
148862 698
148862 700
148862 697
148862 865
148862 846
148862 867
148862 852
148862 866
148862 851
148862 868
148862 845
148862 750
148862 745
148862 744
148862 746
148862 741
148862 743
148862 749
148862 742
147206 156
147206 157
147206 153
147754 381
147754 387
147206 154
147206 158
147206 155
147754 380
147754 388
147754 382
147206 159
147754 379
147206 152
147451 442
147451 437
147451 431
147926 529
147926 527
147451 522
147451 427
147451 350
147451 517
147926 523
147451 502
147451 480
147926 525
147451 430
147926 524
147451 441
147451 432
147451 426
147451 521
147451 349
147451 439
147451 506
147451 501
147451 440
147451 524
147451 429
147451 519
147451 520
147451 425
147451 438
147451 505
147451 428
147926 528
147451 518
147926 526
147451 423
147451 523
147451 424
147451 479
147926 522
147754 537
147754 508
147754 509
147754 506
147754 534
147754 536
147754 507
147754 535
147926 541
147926 544
147926 542
147926 538
147926 545
147926 543
147926 539
147926 540
147451 192
147451 448
147451 503
147451 504
147451 453
147451 199
147451 433
147451 454
147451 447
147451 200
147451 511
147451 195
147451 445
147451 436
147451 507
147451 198
147451 451
147451 510
147451 452
147451 450
147451 444
147451 435
147451 449
147451 197
147451 191
147451 512
147451 509
147451 443
147451 434
147451 196
147451 446
147451 508
148953 126
148953 125
148953 127
148953 128
147927 86
147927 87
147206 45
147206 47
147206 43
147206 48
147206 44
147206 42
147206 41
147206 46
147451 175
147451 177
147451 171
147451 174
147451 176
147451 173
147451 178
147451 172
147926 387
147926 388
147926 498
147926 380
147926 384
147926 389
147926 499
147926 501
147926 385
147926 500
147926 496
147926 494
147926 386
147926 497
147926 495
147926 381
147451 153
147452 86
147451 162
147452 72
147452 89
147451 151
147451 152
147451 159
147451 161
147452 87
147452 73
147452 91
147451 160
147451 154
147452 90
147452 88
147929 65
147929 62
147929 64
147929 67
147929 61
147929 63
147929 60
147929 66
147206 196
147206 197
147206 200
147206 201
147206 198
147206 199
147206 202
147206 195
148862 823
148862 824
148862 816
148862 815
147929 518
147929 507
147926 467
147929 505
147929 506
147929 519
147926 471
147929 504
148031 471
147926 464
147926 465
147929 508
147929 520
147926 470
147926 473
147206 230
148031 470
147926 472
147926 466
148031 469
147754 452
147754 448
147754 446
147754 449
147754 450
147754 447
147754 445
147754 451
147754 456
147754 455
147754 457
147754 514
147754 515
147754 453
147754 458
147754 454
147929 162
147929 165
147929 161
147929 164
147929 159
147929 160
147929 158
147929 163
