148864 681
149294 179
149294 172
149294 176
149294 173
149294 174
149294 177
149294 178
149294 175
149182 488
149182 484
149182 489
149182 485
149182 490
149182 486
149182 491
149182 487
147757 392
147757 391
147757 384
147757 383
147757 390
147757 389
147757 386
147757 385
147757 387
147757 388
147450 78
147450 79
149063 107
149063 108
149181 228
149181 227
149181 226
149181 225
149003 81
149003 80
149003 83
149003 82
148864 683
148864 684
148864 682
148864 685
149182 445
147390 852
147390 856
147390 853
147390 854
147390 851
147390 857
147390 858
147390 855
149182 462
149182 464
149182 459
149182 463
149182 465
149182 460
149182 457
149182 461
147757 398
147757 397
147757 396
147757 400
147757 395
147757 399
147757 394
148952 67
148952 66
148952 65
149182 514
149182 519
149182 515
149182 516
149182 512
149182 517
149182 513
149182 518
149182 475
148819 35
149182 476
149182 480
148819 38
149182 477
149182 481
148819 37
149182 478
149182 474
148819 36
149182 479
148032 213
148032 216
148032 214
148032 215
147926 72
148002 91
148002 90
148002 89
146944 175
146944 171
146944 172
146944 173
146944 174
149182 448
149182 447
149182 446
148057 90
149182 528
149182 529
149182 530
148819 39
148029 49
148029 48
148029 47
147757 371
147757 375
147757 372
147757 373
147757 370
147757 374
147757 369
147757 368
148864 693
148864 687
148864 689
148864 690
148864 691
148864 692
148864 686
148864 688
149182 170
148032 212
148032 208
148032 209
148032 210
148032 211
147114 177
147114 178
147114 179
147114 176
147757 360
147757 361
147757 362
148819 42
148819 41
148819 40
148819 43
147757 393
147757 379
147757 376
147757 382
147757 378
147757 380
147757 377
147757 381
147450 75
147450 76
147450 77
148057 94
148057 93
148057 91
148057 92
149182 506
149182 503
149182 502
149182 505
149182 507
149182 504
149182 500
149182 501
148002 88
148002 87
147284 28
147284 31
147284 27
147284 29
147284 30
149182 511
149182 508
149182 509
149182 510
149294 184
149294 180
149294 185
149294 182
149294 181
149294 186
149294 183
149294 187
147048 91
147048 92
147048 93
147048 89
147048 90
148032 206
148032 207
148032 205
149291 74
149291 77
149291 76
149291 75
147390 859
147390 842
147390 841
147390 860
147390 838
147390 839
147390 840
148952 68
148952 69
149182 527
149182 523
149182 524
149182 520
149182 522
149182 525
149182 521
149182 526
149182 17
147749 109
147749 108
147749 107
147749 106
147749 110
149182 492
149182 498
149182 493
149182 499
149182 494
149182 496
149182 495
149182 497
147757 367
147757 366
147757 365
147757 364
147757 363
149182 472
149182 473
146944 176
148864 694
148864 695
147390 846
147390 848
147390 847
147390 843
147390 849
147390 844
147390 850
147390 845
147926 76
147926 75
147926 74
147926 73
148819 44
149291 78
149003 79
149003 78
149182 471
149182 482
149182 468
149182 466
149182 483
149182 469
149182 470
149182 467
149182 449
149182 450
149182 455
149182 456
149182 451
149182 453
149182 452
149182 454
149294 188
149294 190
149294 191
149294 189
