274440 90
274440 91
276495 85
276495 86
276502 742
276502 743
276502 744
276502 745
276502 746
276525 85
276525 86
276528 395
276528 396
276528 397
276528 398
276528 399
276542 72
276542 73
276581 77
276581 78
276584 3
276584 4
276584 6
276586 659
276586 661
276586 665
276586 666
276586 667
276586 668
276586 669
276586 671
276586 672
276586 674
276586 675
276586 676
276586 677
276586 678
276586 679
276587 1007
276587 1008
276587 1009
276587 1010
276587 1011
276587 1012
276587 1013
276587 1014
276653 70
276653 71
282814 1844
282814 1845
282814 1846
282814 1847
282814 1848
275837 187
275837 188
275837 189
275837 190
275837 191
275837 192
275837 193
275837 194
275837 195
275837 196
275837 197
275837 727
278769 73
278769 74
281641 320
281641 321
281641 322
281641 323
281641 324
281641 325
281641 326
281641 327
278801 46
278801 47
278820 14
278820 15
278820 16
282917 115
282917 116
278822 1628
278822 1629
278822 1630
278822 1631
278822 1632
278822 1633
282919 244
282919 245
282919 247
282919 248
282919 249
282919 250
282919 251
282919 252
276794 886
276794 887
276794 888
276794 889
276794 890
276794 891
276794 892
276807 63
276807 64
276807 65
276811 2564
276811 2565
276811 2566
276811 2567
276811 2568
276811 2569
276811 2570
276811 2571
276811 2572
276811 2573
278873 68
278873 69
278875 835
278875 836
278875 837
278875 838
278875 839
278875 840
278875 841
278875 842
276831 62
276831 63
276870 76
276870 77
276870 3485
276870 3486
276870 3487
276870 3488
278923 53
278923 54
272798 90
283049 80
283049 81
272811 94
278962 66
278962 67
278969 68
278969 69
276935 77
276935 78
278986 69
278986 70
276940 68
276940 69
276950 2354
276950 2355
276950 2356
276950 2357
276950 2358
276950 2359
276950 2360
276950 2361
279024 80
279024 81
279024 383
279024 384
279024 385
279024 386
279024 387
279024 388
279024 389
279024 390
279024 391
279024 392
279024 393
279024 394
279024 395
279024 396
279024 397
279024 398
279024 399
279024 400
279024 401
279024 402
279024 403
279024 404
279024 405
279024 406
279024 407
274954 35
274954 36
279071 69
279071 70
279071 245
279071 246
279071 247
279071 248
279071 249
279071 250
279071 251
279071 252
279071 253
279071 254
279071 255
279071 256
279071 257
279071 258
279071 259
279071 260
279071 261
279071 262
279071 263
279071 264
279071 265
279071 266
279071 267
279071 268
279071 269
279071 270
279080 66
279080 67
279080 225
279080 226
279080 227
279080 228
279080 229
279080 230
279080 231
279080 232
279080 233
279080 234
279080 235
279080 236
279080 237
279080 238
279080 239
279080 240
279080 241
274998 60
274998 61
274998 62
275001 2062
275001 2063
275001 2065
275001 2066
275001 2067
279115 116
279115 117
279115 525
279115 526
279115 527
279115 528
279115 529
279115 530
279115 531
279115 532
279115 533
279115 534
279115 535
279115 536
279116 35
279116 36
279116 37
279116 486
279116 487
279116 488
279116 489
279116 490
277069 78
277069 79
277069 80
277076 1038
277076 1039
277076 1040
277076 1041
277076 1042
277076 1043
277076 1044
277076 1045
277076 1046
277076 1047
277076 1048
277087 194
277087 195
277087 1192
277087 1193
275059 76
275059 77
277112 156
277112 157
277112 158
277112 159
277112 160
277112 161
277112 162
282730 87
282730 88
275074 648
275074 649
275074 650
275074 651
275074 652
277126 40
277126 41
283283 1749
283283 1750
283283 1751
283283 1752
283283 1753
283283 1754
283283 1755
283283 1756
283283 1757
283283 1758
283283 1759
283283 1760
283283 1761
283283 1762
283283 1763
283283 1764
283283 1765
283283 1766
283283 1767
283283 1768
283283 1769
283283 1770
283283 1771
283283 1772
283283 1773
283283 1774
277148 81
277148 82
283305 77
283305 78
277166 75
277166 76
277168 2224
277168 2225
277168 2226
277168 2227
275124 104
275124 105
277180 86
277180 87
277194 84
277194 85
277194 86
277194 87
277194 88
277194 89
277194 90
277194 91
277194 92
277194 93
277194 94
277194 95
277194 96
277194 97
277194 98
277194 99
277194 100
277194 101
277194 102
277194 103
277194 104
277194 105
277194 106
277194 107
277194 108
277194 109
277194 110
277194 111
277194 112
277194 140
277194 141
277194 142
277194 143
277194 2071
277194 2073
277194 2074
277194 2076
277202 523
277202 524
277202 525
277202 526
277202 527
277202 528
283353 78
283353 79
283359 429
283359 430
283359 431
283359 432
283359 433
283359 434
283359 435
283359 436
283359 437
283359 438
283359 439
283359 440
283359 441
283359 442
283359 443
283359 444
283359 445
277220 193
277220 194
277220 195
277220 196
277220 197
277220 198
277220 199
277220 200
277220 201
277220 202
277220 203
277220 204
277220 205
277220 206
277220 207
277220 208
277220 209
277220 210
277220 211
277220 212
277220 213
277220 214
277220 215
277220 216
277220 217
277220 218
277220 219
277220 220
277220 221
277220 222
277220 223
277220 224
277220 225
277220 226
277220 227
277220 228
277220 229
277220 230
277220 231
277220 232
277220 233
277220 234
277220 235
277220 236
277220 237
277220 238
277220 239
277220 240
277220 241
277220 242
277220 243
277220 244
277220 245
277220 246
277220 247
277220 248
277220 249
277220 250
277220 251
277220 252
277220 253
277220 272
277220 273
277220 274
277220 275
277220 276
277220 277
277220 278
277220 279
277220 280
277220 281
277220 282
277220 283
277220 284
277220 285
273150 61
273150 62
273150 63
278315 71
278315 72
283407 80
283407 81
283408 2126
283408 2127
283408 2128
283408 2129
283408 2130
283408 2131
283408 2132
283408 2133
283408 2134
283408 2135
283408 2136
283408 2137
283408 2200
283408 2201
283408 2417
283408 2418
283408 2419
283408 2420
283408 2421
283408 2422
283408 2423
283408 2424
283408 2425
283408 2426
283408 2427
283408 2428
283408 2429
283408 2519
283408 2520
283408 2521
283408 2522
283408 2523
283408 2524
283408 2525
283408 2526
283408 2527
283416 246
283416 247
283416 248
283416 249
283416 250
277305 60
277305 61
277305 745
277305 746
277305 747
277305 748
277305 749
283453 81
283453 82
283469 72
283469 73
275282 87
275282 88
275282 89
283478 74
283478 75
275309 53
275309 54
275319 139
275319 140
275344 74
275344 75
283548 142
283548 143
275370 79
275370 80
277420 82
277420 83
275375 79
275375 80
275375 81
275375 82
275375 83
275375 84
275375 85
275375 86
275375 87
275375 88
275375 89
275375 90
275375 91
275375 92
275375 93
275375 94
275375 95
275375 96
275375 97
275375 98
275375 99
275375 100
275375 101
275375 102
275375 103
275375 104
275375 105
275375 106
275375 107
275375 108
275375 109
275375 110
275375 111
275375 112
275375 113
275375 114
275375 115
275375 116
275375 117
275375 118
275375 119
275375 120
275375 121
275375 122
275375 123
275375 124
275375 125
275375 126
279479 84
279479 85
273402 98
273402 99
273411 30
273411 31
273411 32
273411 33
273411 34
273411 35
273411 36
273411 37
273411 38
273411 39
273411 40
273411 41
273411 42
273411 43
273411 44
273411 45
273411 46
273411 47
273411 48
273411 49
273411 50
273411 51
273411 52
273411 53
273411 54
273411 55
273411 56
273411 57
273411 58
273411 59
273411 60
273411 61
273411 62
273411 63
273411 64
273411 65
273411 66
273411 67
273411 68
273411 69
273411 70
273411 71
273411 72
273411 73
281613 99
281613 100
281613 904
281613 905
281613 906
281613 907
281613 908
273425 60
273425 61
273426 66
273426 67
273426 68
273426 69
279588 87
279588 88
279588 89
279588 90
279588 91
279588 92
279588 93
279588 94
279588 95
279588 96
279588 97
279588 98
279588 99
283685 315
283685 316
283685 317
283685 318
283685 319
283685 320
273450 648
273450 649
273450 652
273450 653
273450 654
273450 655
273450 656
273450 657
273450 658
273450 659
278366 454
278366 455
278366 456
278366 457
278366 458
278366 459
273492 69
273492 70
281693 2192
281693 2193
281693 2194
281693 2195
281693 2196
281693 2197
273502 70
273502 71
273502 72
273503 599
273503 600
273503 601
273503 602
273503 603
273503 604
273503 605
273503 606
273503 607
273503 608
273503 609
273503 610
273503 611
273503 612
273503 613
279653 73
279653 74
279654 1232
279654 1235
279654 1236
279654 1237
279654 1238
279654 1239
279654 1240
279654 1241
279654 1242
279654 1243
279654 1244
279654 1245
279654 1246
279654 1247
279654 1248
279654 1249
279654 1250
279654 1251
279654 1252
279654 1253
279654 1254
279654 1255
279654 1256
279654 1257
279654 1258
279654 1259
279654 1260
279654 1261
279654 1262
279654 1263
279654 1264
279654 1265
279654 1266
279654 1267
279654 1268
279654 1269
279654 1270
279654 1271
279654 1272
279654 1273
279654 1274
279654 1275
279654 1276
279654 1277
279654 1278
279654 1279
279654 1280
279654 1281
279654 1282
279654 1283
279654 1284
279656 44
279656 46
279656 47
279656 48
279658 714
279658 715
279658 716
279658 717
279658 718
279658 719
281707 97
281707 98
281707 1066
281707 1068
281707 1069
281707 1070
281707 1071
281707 1072
281707 1074
279667 66
279667 67
281727 1606
281727 1607
281727 1608
281727 1609
281727 1610
279681 74
279681 75
279681 76
279691 69
279691 70
279694 2236
279694 2237
279694 2238
279694 2239
279694 2240
279694 2241
279694 2242
279694 2243
273554 75
273554 76
273555 174
273555 175
273555 177
273555 178
273555 179
273555 180
279715 69
279715 70
279715 692
279716 1654
279716 1655
279716 1656
279716 1657
279716 1658
283820 25
283820 26
283820 27
283820 28
283820 29
283820 30
283820 31
283820 32
283820 33
283820 34
283820 35
283820 36
283820 37
283820 38
283820 39
283820 40
283820 41
283820 42
283820 43
283820 44
283820 45
283820 46
283820 47
283820 48
283820 49
283820 50
283820 51
283820 52
283820 53
283820 54
283820 55
283820 56
283820 57
283820 58
283820 59
283820 60
283820 61
283820 62
283820 63
283820 64
283820 65
283820 66
283835 113
283835 114
283835 116
283835 117
283835 118
281797 123
281797 124
279760 66
279760 67
279767 777
279767 778
279767 779
279767 780
279767 781
279767 782
279767 783
279767 784
279767 785
279767 786
283876 63
283876 64
283877 1497
283877 1498
283877 1499
283884 347
283884 348
283885 1724
283885 1725
283885 1727
283885 1728
283885 1729
272936 1
272936 2
272936 3
272936 4
272936 5
272936 6
272936 7
272936 8
272936 9
272936 10
272936 11
272936 12
272936 13
272936 14
272936 15
272936 16
272936 17
272936 18
272936 19
272936 20
272936 21
272936 22
272936 23
272936 24
279794 75
279794 76
279794 1101
279794 1102
279794 1103
279794 1104
279794 1105
279794 1106
279823 59
279823 60
283933 86
283933 87
279841 73
279841 74
279844 70
279844 71
283946 83
283946 84
275757 104
275757 105
275782 763
275782 764
275782 766
275782 767
275782 768
275782 769
275782 770
275782 771
275782 772
275782 773
275782 774
275782 775
275782 776
284006 71
284006 72
281976 2167
281976 2168
281976 2169
281976 2170
281976 2171
281976 2172
281976 2173
281976 2174
284025 107
284025 108
279931 82
279931 83
275847 2264
275847 2265
275847 2266
275847 2267
275847 2268
275847 2269
284044 31
284044 32
284044 34
284044 35
284044 36
279966 77
279966 78
279975 68
279975 69
275886 68
275886 69
282033 79
282033 80
282033 81
279993 83
279993 84
276384 1118
276384 1119
276384 1120
276384 1121
276384 1122
276384 1123
275911 60
275911 61
280024 428
280024 429
280024 430
280024 431
280024 432
277981 80
277981 81
277992 313
277992 314
277992 315
277992 316
277992 317
282092 90
282092 91
282092 2277
282092 2279
282092 2280
282092 2281
282092 2282
282092 2283
282092 2284
282092 2285
282092 2286
282092 2287
282092 2288
282092 2289
275963 80
275963 81
278017 75
278017 76
280187 2
280187 3
276092 72
276092 73
278167 84
278167 85
278167 86
278175 89
278175 90
278175 91
278175 92
278175 93
278175 94
278175 95
274094 103
274094 104
278193 75
278193 76
280251 373
280251 374
280251 375
280251 376
278239 74
278239 75
278240 1310
278240 1311
278240 1312
278240 1313
278240 1314
278240 1315
278240 1316
276775 94
276775 95
274157 103
274157 104
274172 29
274172 30
278273 73
278273 74
272774 98
280327 47
280327 48
278288 65
278288 66
276244 1203
276244 1204
276244 1205
276244 1206
276244 1207
274198 79
274198 80
278308 85
278308 86
283270 74
283270 75
278310 710
278310 711
278310 712
278310 713
278310 714
278310 715
278310 716
278310 717
278310 718
278310 719
278310 720
278310 721
278310 722
278310 723
278310 724
278310 725
278310 726
278310 727
278310 728
278310 729
278310 730
278310 731
278310 732
278310 733
278310 734
278310 735
280364 1091
280364 1092
280364 1093
280364 1094
280364 1095
280364 1096
280364 1097
280364 1098
280364 1099
280364 1100
280364 1101
280364 1364
280364 1365
280364 1366
280364 1367
280364 1368
276282 73
276282 74
280383 62
280383 63
278345 81
278345 82
278345 83
276315 38
276315 39
273725 80
273725 81
273725 82
278406 83
278406 84
274314 95
274314 96
274335 58
274335 59
274382 91
274382 92
274382 93
274387 86
274387 87
276437 61
276437 62
279887 77
279887 78
276454 528
276454 530
276454 531
276454 532
276454 533
276454 534
276454 535
276454 536
276454 537
276454 538
276454 539
276454 540
276454 541
276454 542
276454 543
276454 544
276454 545
276454 546
276454 547
276454 548
276454 549
276454 550
276454 551
276454 552
276454 553
276454 554
276454 555
276454 556
276454 557
276454 558
276454 559
276454 560
276454 561
276454 563
276454 564
276454 565
276458 342
276458 343
276458 344
276458 345
276458 346
276458 347
276458 348
276458 349
278509 89
278509 90
274420 90
274420 91
274420 92
